Date;Open;High;Low;Close*;Adj Close**;Volume
Dec 27, 2011;12,293.47;12,328.47;12,140.17;12,217.56;12,217.56;2,850,700
Dec 20, 2011;11,769.21;12,297.44;11,768.83;12,294.00;12,294.00;5,604,600
Dec 13, 2011;12,018.66;12,147.70;11,735.19;11,766.26;11,766.26;9,947,700
Dec 06, 2011;12,097.75;12,257.67;11,940.86;12,021.39;12,021.39;7,835,400
Nov 29, 2011;11,523.01;12,186.53;11,517.04;12,097.83;12,097.83;8,913,800
Nov 22, 2011;11,542.39;11,571.75;11,231.43;11,523.01;11,523.01;5,932,200
Nov 15, 2011;12,077.92;12,165.11;11,454.07;11,547.31;11,547.31;7,027,600
Nov 08, 2011;12,055.52;12,187.51;11,736.93;12,078.98;12,078.98;7,445,300
Nov 01, 2011;11,951.53;12,074.44;11,630.03;12,068.39;12,068.39;7,788,600
Oct 25, 2011;11,912.63;12,284.31;11,682.52;11,955.01;11,955.01;9,462,300
Oct 18, 2011;11,396.17;11,940.75;11,296.12;11,913.62;11,913.62;9,629,600
Oct 11, 2011;11,432.80;11,646.83;11,365.67;11,397.00;11,397.00;7,394,100
Oct 04, 2011;10,651.44;11,433.33;10,404.49;11,433.18;11,433.18;10,162,600
Sep 27, 2011;11,045.23;11,369.30;10,653.34;10,655.30;10,655.30;10,325,200
Sep 20, 2011;11,401.47;11,550.22;10,597.14;11,043.86;11,043.86;11,338,500
Sep 13, 2011;11,054.99;11,532.47;10,987.18;11,401.01;11,401.01;11,381,400
Sep 06, 2011;11,237.31;11,477.30;10,824.76;11,061.12;11,061.12;9,821,100
Aug 30, 2011;11,532.13;11,716.84;11,211.35;11,240.26;11,240.26;7,646,000
Aug 23, 2011;10,854.58;11,541.78;10,854.43;11,539.25;11,539.25;11,485,100
Aug 16, 2011;11,480.48;11,529.67;10,801.41;10,854.65;10,854.65;12,306,900
Aug 09, 2011;10,810.91;11,484.60;10,604.07;11,482.90;11,482.90;16,370,500
Aug 02, 2011;12,129.77;12,130.30;10,809.85;10,809.85;10,809.85;15,923,300
Jul 26, 2011;12,592.12;12,593.40;11,998.08;12,132.49;12,132.49;8,903,500
Jul 19, 2011;12,386.03;12,751.43;12,385.96;12,592.80;12,592.80;7,618,200
Jul 12, 2011;12,505.54;12,611.04;12,296.23;12,385.16;12,385.16;8,077,900
Jul 05, 2011;12,569.87;12,753.89;12,470.30;12,505.76;12,505.76;6,734,700
Jun 28, 2011;12,043.56;12,596.13;12,042.28;12,582.77;12,582.77;6,156,200
Jun 21, 2011;12,081.33;12,217.33;11,874.94;12,043.56;12,043.56;9,372,400
Jun 14, 2011;11,951.38;12,120.80;11,862.53;12,080.38;12,080.38;10,008,800
Jun 07, 2011;12,090.18;12,183.12;11,917.78;11,952.97;11,952.97;8,008,600
May 31, 2011;12,443.40;12,574.29;12,070.66;12,089.96;12,089.96;8,720,200
May 24, 2011;12,381.57;12,483.81;12,309.52;12,441.58;12,441.58;5,667,700
May 17, 2011;12,541.33;12,633.59;12,331.77;12,381.26;12,381.26;8,521,200
May 10, 2011;12,685.13;12,781.06;12,530.81;12,548.37;12,548.37;9,354,400
May 03, 2011;12,806.38;12,840.66;12,521.28;12,684.68;12,684.68;8,644,400
Apr 26, 2011;12,480.86;12,876.00;12,478.14;12,807.36;12,807.36;10,228,700
Apr 19, 2011;12,201.44;12,506.22;12,200.30;12,479.88;12,479.88;6,490,600
Apr 12, 2011;12,381.19;12,381.19;12,093.89;12,201.59;12,201.59;8,218,100
Apr 05, 2011;12,402.08;12,450.93;12,320.72;12,381.11;12,381.11;7,160,500
Mar 29, 2011;12,194.48;12,419.71;12,173.51;12,400.03;12,400.03;7,177,700
Mar 22, 2011;12,036.37;12,272.92;11,972.61;12,197.88;12,197.88;6,340,700
Mar 15, 2011;11,988.69;12,078.30;11,555.48;12,036.53;12,036.53;11,567,000
Mar 08, 2011;12,085.87;12,257.82;11,897.31;11,993.16;11,993.16;7,743,000
Mar 01, 2011;12,226.49;12,283.10;12,018.63;12,090.03;12,090.03;8,312,500
Feb 22, 2011;12,389.74;12,389.82;11,983.17;12,226.34;12,226.34;9,533,100
Feb 15, 2011;12,266.75;12,391.29;12,193.27;12,391.25;12,391.25;6,497,500
Feb 08, 2011;12,152.70;12,285.94;12,150.05;12,268.19;12,268.19;8,946,400
Feb 01, 2011;11,892.50;12,188.76;11,892.50;12,161.63;12,161.63;7,227,800
Jan 25, 2011;11,980.52;12,020.52;11,803.04;11,891.93;11,891.93;9,487,900
Jan 18, 2011;11,783.82;11,982.94;11,744.77;11,980.52;11,980.52;9,839,200
Jan 11, 2011;11,638.51;11,794.15;11,635.48;11,787.38;11,787.38;6,648,300
Jan 04, 2011;11,670.90;11,742.68;11,573.87;11,637.45;11,637.45;8,807,600
Dec 28, 2010;11,554.80;11,711.47;11,530.32;11,670.75;11,670.75;5,654,700
Dec 21, 2010;11,478.36;11,580.84;11,478.29;11,555.03;11,555.03;4,191,200
Dec 14, 2010;11,429.24;11,519.04;11,421.30;11,478.13;11,478.13;9,862,300
Dec 07, 2010;11,363.85;11,480.03;11,327.49;11,428.56;11,428.56;7,992,100
Nov 30, 2010;11,049.72;11,392.08;10,942.98;11,362.19;11,362.19;9,200,600
Nov 23, 2010;11,177.60;11,195.99;10,929.28;11,052.49;11,052.49;5,510,300
Nov 16, 2010;11,194.70;11,206.17;10,978.93;11,178.58;11,178.58;9,588,400
Nov 09, 2010;11,403.59;11,421.14;11,143.84;11,201.97;11,201.97;9,960,500
Nov 02, 2010;11,125.22;11,451.53;11,097.37;11,406.84;11,406.84;9,183,100
Oct 26, 2010;11,163.14;11,244.27;11,020.82;11,124.62;11,124.62;8,221,500
Oct 19, 2010;11,139.60;11,247.60;10,917.62;11,164.05;11,164.05;9,185,200
Oct 12, 2010;11,010.79;11,159.05;10,913.84;11,143.69;11,143.69;10,857,400
Oct 05, 2010;10,752.78;11,032.17;10,752.63;11,010.34;11,010.34;7,887,100
Sep 28, 2010;10,809.17;10,948.88;10,711.12;10,751.27;10,751.27;8,627,400
Sep 21, 2010;10,753.39;10,873.20;10,640.92;10,812.04;10,812.04;8,353,400
Sep 14, 2010;10,544.73;10,774.13;10,480.78;10,753.62;10,753.62;10,544,800
Sep 07, 2010;10,446.80;10,567.59;10,332.40;10,544.13;10,544.13;8,104,300
Aug 31, 2010;10,006.42;10,451.15;9,941.84;10,447.93;10,447.93;7,796,600
Aug 24, 2010;10,173.05;10,173.05;9,936.62;10,009.73;10,009.73;9,421,400
Aug 17, 2010;10,297.63;10,480.44;10,147.24;10,174.41;10,174.41;10,117,900
Aug 10, 2010;10,696.63;10,700.71;10,209.53;10,302.01;10,302.01;9,415,100
Aug 03, 2010;10,673.92;10,719.94;10,515.37;10,698.75;10,698.75;7,990,500
Jul 27, 2010;10,525.28;10,692.20;10,347.50;10,674.38;10,674.38;9,205,300
Jul 20, 2010;10,151.48;10,526.79;10,007.76;10,525.43;10,525.43;9,793,500
Jul 13, 2010;10,217.55;10,407.82;10,073.68;10,154.43;10,154.43;11,096,000
Jul 06, 2010;9,686.48;10,220.28;9,659.01;10,216.27;10,216.27;9,390,900
Jun 29, 2010;10,135.72;10,135.80;9,614.32;9,686.48;9,686.48;9,879,800
Jun 22, 2010;10,441.95;10,493.57;10,081.08;10,138.52;10,138.52;12,138,900
Jun 15, 2010;10,192.40;10,594.16;10,192.40;10,442.41;10,442.41;10,531,400
Jun 08, 2010;9,812.94;10,328.67;9,757.55;10,190.89;10,190.89;10,699,000
Jun 01, 2010;10,133.94;10,315.21;9,810.30;9,816.49;9,816.49;10,791,600
May 25, 2010;10,061.43;10,264.20;9,774.48;10,136.63;10,136.63;11,415,300
May 18, 2010;10,625.45;10,718.86;9,918.82;10,066.57;10,066.57;15,227,100
May 11, 2010;10,780.00;10,920.27;10,436.06;10,625.83;10,625.83;11,004,700
May 04, 2010;11,149.48;11,149.48;9,869.62;10,785.14;10,785.14;16,629,000
Apr 27, 2010;11,203.67;11,218.86;10,965.38;11,151.83;11,151.83;11,276,800
Apr 20, 2010;11,093.11;11,258.01;11,016.40;11,205.03;11,205.03;9,780,500
Apr 13, 2010;11,006.72;11,154.55;10,947.77;11,092.05;11,092.05;12,003,900
Apr 06, 2010;10,972.49;11,029.77;10,844.09;11,005.97;11,005.97;8,105,100
Mar 30, 2010;10,895.02;10,988.06;10,832.83;10,973.55;10,973.55;6,448,700
Mar 23, 2010;10,787.18;10,955.48;10,784.76;10,895.86;10,895.86;8,972,400
Mar 16, 2010;10,642.53;10,819.90;10,621.90;10,785.89;10,785.89;11,662,700
Mar 09, 2010;10,552.24;10,644.95;10,507.17;10,642.15;10,642.15;8,831,400
Mar 02, 2010;10,404.16;10,587.74;10,376.58;10,552.52;10,552.52;9,222,600
Feb 23, 2010;10,383.16;10,413.99;10,185.83;10,403.79;10,403.79;10,706,100
Feb 16, 2010;10,100.81;10,438.55;10,100.81;10,383.38;10,383.38;10,136,700
Feb 09, 2010;9,910.28;10,161.57;9,910.06;10,099.14;10,099.14;9,057,900
Feb 02, 2010;10,186.13;10,314.84;9,835.09;9,908.39;9,908.39;12,649,100
Jan 26, 2010;10,195.35;10,285.13;10,043.75;10,185.53;10,185.53;12,348,500
Jan 19, 2010;10,608.37;10,729.89;10,157.64;10,196.86;10,196.86;12,386,600
Jan 12, 2010;10,662.86;10,723.77;10,561.06;10,609.65;10,609.65;10,231,100
Jan 05, 2010;10,584.56;10,676.23;10,505.21;10,663.99;10,663.99;9,467,300
Dec 29, 2009;10,547.83;10,604.97;10,423.13;10,583.96;10,583.96;5,207,700
Dec 22, 2009;10,414.67;10,551.61;10,414.59;10,547.08;10,547.08;4,022,200
Dec 15, 2009;10,499.31;10,509.97;10,263.90;10,414.14;10,414.14;12,392,800
Dec 08, 2009;10,385.42;10,514.66;10,235.63;10,501.05;10,501.05;9,406,200
Dec 01, 2009;10,343.82;10,516.70;10,311.81;10,390.11;10,390.11;12,509,300
Nov 24, 2009;10,451.25;10,481.48;10,231.25;10,344.84;10,344.84;6,477,000
Nov 17, 2009;10,404.77;10,495.61;10,256.11;10,450.95;10,450.95;9,336,900
Nov 10, 2009;10,223.01;10,434.24;10,171.24;10,406.96;10,406.96;9,145,300
Nov 03, 2009;9,787.47;10,228.23;9,703.89;10,226.94;10,226.94;10,751,700
Oct 27, 2009;9,868.34;9,969.91;9,678.95;9,789.44;9,789.44;13,138,200
Oct 20, 2009;10,092.42;10,119.47;9,849.45;9,867.96;9,867.96;12,731,700
Oct 13, 2009;9,883.98;10,117.96;9,815.06;10,092.19;10,092.19;12,428,100
Oct 06, 2009;9,601.26;9,931.82;9,601.26;9,885.80;9,885.80;9,032,200
Sep 29, 2009;9,789.74;9,834.48;9,430.08;9,599.75;9,599.75;10,829,800
Sep 22, 2009;9,779.61;9,917.99;9,641.01;9,789.36;9,789.36;9,829,700
Sep 15, 2009;9,626.42;9,854.58;9,580.93;9,778.86;9,778.86;12,885,300
Sep 08, 2009;9,440.13;9,649.85;9,439.98;9,626.80;9,626.80;10,205,600
Sep 01, 2009;9,492.32;9,557.95;9,252.93;9,441.27;9,441.27;7,640,300
Aug 25, 2009;9,509.21;9,630.20;9,436.13;9,496.28;9,496.28;8,999,000
Aug 18, 2009;9,134.36;9,587.73;9,131.94;9,509.28;9,509.28;9,713,000
Aug 11, 2009;9,334.33;9,424.11;9,116.52;9,135.34;9,135.34;8,943,000
Aug 04, 2009;9,285.05;9,437.71;9,206.45;9,337.95;9,337.95;10,550,200
Jul 28, 2009;9,106.92;9,298.43;9,007.47;9,286.56;9,286.56;11,084,500
Jul 21, 2009;8,848.15;9,123.40;8,811.27;9,108.51;9,108.51;10,838,200
Jul 14, 2009;8,331.37;8,854.80;8,285.20;8,848.15;8,848.15;12,258,900
Jul 07, 2009;8,324.95;8,331.68;8,087.19;8,331.68;8,331.68;11,565,700
Jun 30, 2009;8,528.93;8,580.47;8,205.99;8,324.87;8,324.87;7,826,400
Jun 23, 2009;8,340.44;8,533.23;8,259.43;8,529.38;8,529.38;11,732,400
Jun 16, 2009;8,612.44;8,643.65;8,334.55;8,339.01;8,339.01;15,185,600
Jun 09, 2009;8,764.83;8,877.93;8,577.90;8,612.13;8,612.13;10,519,900
Jun 02, 2009;8,721.60;8,839.40;8,598.38;8,764.49;8,764.49;11,921,200
May 26, 2009;8,277.32;8,760.70;8,226.90;8,721.44;8,721.44;16,082,200
May 19, 2009;8,502.48;8,591.93;8,221.01;8,277.32;8,277.32;12,928,200
May 12, 2009;8,419.17;8,517.46;8,230.17;8,504.08;8,504.08;15,926,700
May 05, 2009;8,425.55;8,587.55;8,358.00;8,418.77;8,418.77;20,036,600
Apr 28, 2009;8,023.56;8,434.86;7,938.98;8,426.74;8,426.74;15,083,000
Apr 21, 2009;7,841.73;8,127.50;7,791.95;8,025.00;8,025.00;18,240,100
Apr 14, 2009;8,057.41;8,190.66;7,840.45;7,841.73;7,841.73;22,770,900
Apr 07, 2009;7,968.92;8,113.41;7,750.85;8,057.81;8,057.81;14,185,800
Mar 31, 2009;7,523.77;8,075.73;7,483.87;7,975.85;7,975.85;17,596,100
Mar 24, 2009;7,773.47;7,931.33;7,437.59;7,522.02;7,522.02;19,379,300
Mar 17, 2009;7,218.00;7,780.72;7,172.05;7,775.86;7,775.86;27,244,600
Mar 10, 2009;6,547.01;7,392.91;6,546.61;7,216.97;7,216.97;27,191,200
Mar 03, 2009;6,764.81;6,979.22;6,469.95;6,547.05;6,547.05;22,110,400
Feb 24, 2009;7,115.34;7,404.94;6,755.17;6,763.29;6,763.29;24,762,000
Feb 17, 2009;7,845.63;7,845.63;7,105.94;7,114.78;7,114.78;18,936,000
Feb 10, 2009;8,269.36;8,269.44;7,693.98;7,850.41;7,850.41;13,040,900
Feb 03, 2009;7,936.99;8,315.07;7,845.31;8,270.87;8,270.87;17,352,500
Jan 27, 2009;8,117.39;8,405.87;7,867.37;7,936.75;7,936.75;14,501,900
Jan 20, 2009;8,279.63;8,291.98;7,909.03;8,116.03;8,116.03;19,365,100
Jan 13, 2009;8,474.61;8,522.08;7,995.13;8,281.22;8,281.22;15,351,200
Jan 06, 2009;8,954.57;9,088.06;8,421.08;8,473.97;8,473.97;11,865,900
Dec 30, 2008;8,487.51;9,065.28;8,487.51;8,952.89;8,952.89;8,367,800
Dec 23, 2008;8,518.65;8,604.12;8,364.06;8,483.93;8,483.93;4,820,600
Dec 16, 2008;8,565.65;8,961.26;8,372.02;8,519.69;8,519.69;16,117,700
Dec 09, 2008;8,934.10;8,934.10;8,347.81;8,564.53;8,564.53;13,092,900
Dec 02, 2008;8,153.75;9,026.41;8,118.50;8,934.18;8,934.18;15,884,200
Nov 25, 2008;8,445.14;8,831.35;8,141.36;8,149.09;8,149.09;11,344,600
Nov 18, 2008;8,273.34;8,599.02;7,449.38;8,443.39;8,443.39;23,058,900
Nov 11, 2008;8,864.32;8,923.18;7,965.42;8,273.58;8,273.58;16,311,200
Nov 04, 2008;9,323.89;9,653.95;8,637.17;8,870.54;8,870.54;13,314,500
Oct 28, 2008;8,178.72;9,454.36;8,174.73;9,319.83;9,319.83;14,475,200
Oct 21, 2008;9,262.80;9,284.55;8,143.59;8,175.77;8,175.77;15,376,000
Oct 14, 2008;9,388.97;9,794.37;8,197.67;9,265.43;9,265.43;18,115,400
Oct 07, 2008;9,955.42;10,124.03;7,882.51;9,387.61;9,387.61;23,527,400
Sep 30, 2008;10,371.58;10,882.52;9,525.32;9,955.50;9,955.50;16,629,200
Sep 23, 2008;11,015.69;11,168.06;10,365.45;10,365.45;10,365.45;12,251,400
Sep 16, 2008;10,905.62;11,483.05;10,459.44;11,015.69;11,015.69;23,143,400
Sep 09, 2008;11,514.73;11,577.50;10,917.51;10,917.51;10,917.51;13,912,400
Sep 02, 2008;11,545.63;11,790.17;11,037.85;11,510.74;11,510.74;10,518,400
Aug 26, 2008;11,383.56;11,715.18;11,340.41;11,543.96;11,543.96;5,564,400
Aug 19, 2008;11,478.09;11,632.13;11,290.58;11,386.25;11,386.25;7,338,800
Aug 12, 2008;11,781.70;11,782.35;11,434.12;11,479.39;11,479.39;8,872,600
Aug 05, 2008;11,286.02;11,867.11;11,286.02;11,782.35;11,782.35;10,406,800
Jul 29, 2008;11,133.44;11,586.62;11,128.06;11,284.15;11,284.15;9,956,000
Jul 22, 2008;11,457.90;11,698.17;11,125.13;11,131.08;11,131.08;11,678,200
Jul 15, 2008;11,050.80;11,559.67;10,827.71;11,467.34;11,467.34;15,657,000
Jul 08, 2008;11,225.03;11,418.24;10,977.68;11,055.19;11,055.19;12,269,800
Jul 01, 2008;11,344.64;11,434.12;11,120.74;11,231.96;11,231.96;9,554,300
Jun 24, 2008;11,842.36;11,924.19;11,287.56;11,350.01;11,350.01;13,844,400
Jun 17, 2008;12,269.65;12,322.82;11,731.06;11,842.36;11,842.36;12,310,800
Jun 10, 2008;12,277.71;12,369.23;12,076.93;12,269.08;12,269.08;12,189,600
Jun 03, 2008;12,503.20;12,610.96;12,192.06;12,280.32;12,280.32;12,763,800
May 27, 2008;12,479.63;12,726.66;12,427.77;12,503.82;12,503.82;10,309,500
May 20, 2008;13,026.04;13,026.04;12,460.09;12,479.63;12,479.63;9,376,000
May 13, 2008;12,872.08;13,136.69;12,780.97;13,028.16;13,028.16;11,043,400
May 06, 2008;12,968.89;13,046.15;12,715.02;12,876.31;12,876.31;10,082,900
Apr 29, 2008;12,870.37;13,132.46;12,793.10;12,969.54;12,969.54;11,217,900
Apr 22, 2008;12,825.02;12,942.26;12,656.56;12,871.75;12,871.75;11,720,500
Apr 15, 2008;12,302.06;12,893.98;12,269.81;12,825.02;12,825.02;11,918,700
Apr 08, 2008;12,602.66;12,649.31;12,280.40;12,302.06;12,302.06;11,223,400
Apr 01, 2008;12,266.64;12,733.66;12,266.47;12,612.43;12,612.43;10,914,900
Mar 25, 2008;12,547.34;12,571.84;12,176.11;12,262.89;12,262.89;11,906,700
Mar 18, 2008;11,975.92;12,622.07;11,975.84;12,548.64;12,548.64;14,632,100
Mar 11, 2008;11,741.33;12,303.35;11,741.01;11,972.25;11,972.25;17,604,200
Mar 04, 2008;12,259.14;12,349.67;11,731.60;11,740.15;11,740.15;15,549,900
Feb 26, 2008;12,569.48;12,756.56;12,161.05;12,258.90;12,258.90;14,143,500
Feb 19, 2008;12,349.59;12,584.62;12,155.26;12,570.22;12,570.22;14,446,500
Feb 12, 2008;12,241.56;12,573.13;12,241.56;12,348.21;12,348.21;10,168,600
Feb 05, 2008;12,631.85;12,631.93;12,069.47;12,240.01;12,240.01;14,872,400
Jan 29, 2008;12,385.19;12,767.74;12,249.93;12,635.16;12,635.16;16,310,900
Jan 22, 2008;12,092.72;12,486.89;11,634.82;12,383.89;12,383.89;21,035,700
Jan 15, 2008;12,777.50;12,777.50;12,022.48;12,099.30;12,099.30;17,628,700
Jan 08, 2008;12,820.90;12,931.29;12,501.76;12,778.15;12,778.15;15,281,800
Jan 01, 2008;13,261.82;13,279.54;12,733.84;12,827.49;12,827.49;10,511,100
Dec 25, 2007;13,547.95;13,563.32;13,246.53;13,264.82;13,264.82;5,783,500
Dec 18, 2007;13,168.66;13,563.48;13,092.00;13,550.04;13,550.04;11,622,600
Dec 11, 2007;13,726.87;13,780.11;13,158.42;13,167.20;13,167.20;13,288,900
Dec 04, 2007;13,311.24;13,754.02;13,237.59;13,727.03;13,727.03;10,286,500
Nov 27, 2007;12,744.78;13,466.99;12,744.78;13,314.57;13,314.57;13,323,000
Nov 20, 2007;12,955.92;13,107.37;12,724.09;12,743.44;12,743.44;9,982,200
Nov 13, 2007;12,975.11;13,367.17;12,937.63;12,958.44;12,958.44;14,090,400
Nov 06, 2007;13,542.34;13,669.72;12,981.04;12,987.55;12,987.55;15,779,100
Oct 30, 2007;13,869.04;13,962.53;13,446.02;13,543.40;13,543.40;13,423,200
Oct 23, 2007;13,568.93;13,901.40;13,470.16;13,870.26;13,870.26;12,593,500
Oct 16, 2007;13,986.34;14,012.84;13,407.49;13,566.97;13,566.97;13,126,700
Oct 09, 2007;14,043.73;14,198.10;13,904.32;13,984.80;13,984.80;9,743,400
Oct 02, 2007;14,087.14;14,124.54;13,947.73;14,043.73;14,043.73;7,914,500
Sep 25, 2007;13,757.84;14,115.51;13,696.31;14,087.55;14,087.55;9,852,700
Sep 18, 2007;13,403.18;13,877.17;13,403.18;13,759.06;13,759.06;14,111,700
Sep 11, 2007;13,129.40;13,469.27;13,129.15;13,403.42;13,403.42;9,798,800
Sep 04, 2007;13,358.39;13,494.06;13,021.93;13,127.85;13,127.85;11,577,700
Aug 28, 2007;13,318.43;13,428.95;13,034.78;13,357.74;13,357.74;8,860,700
Aug 21, 2007;13,120.05;13,387.33;13,052.17;13,322.13;13,322.13;9,461,900
Aug 14, 2007;13,235.72;13,269.78;12,517.94;13,121.35;13,121.35;16,547,700
Aug 07, 2007;13,467.72;13,695.82;13,057.86;13,236.53;13,236.53;14,776,900
Jul 31, 2007;13,360.66;13,503.33;13,132.65;13,468.78;13,468.78;15,542,900
Jul 24, 2007;13,940.90;13,940.99;13,219.14;13,358.31;13,358.31;16,233,000
Jul 17, 2007;13,951.96;14,021.95;13,797.67;13,943.42;13,943.42;14,709,100
Jul 10, 2007;13,648.59;13,989.11;13,474.79;13,950.98;13,950.98;12,322,300
Jul 03, 2007;13,531.53;13,670.46;13,513.49;13,649.97;13,649.97;6,693,000
Jun 26, 2007;13,352.37;13,537.87;13,259.86;13,535.43;13,535.43;11,526,100
Jun 19, 2007;13,611.68;13,674.36;13,299.78;13,352.05;13,352.05;13,821,500
Jun 12, 2007;13,424.39;13,688.66;13,287.62;13,612.98;13,612.98;13,146,100
Jun 05, 2007;13,673.19;13,673.51;13,251.53;13,424.96;13,424.96;11,840,500
May 29, 2007;13,507.28;13,692.00;13,456.73;13,676.32;13,676.32;10,645,200
May 22, 2007;13,544.99;13,624.55;13,423.90;13,507.28;13,507.28;8,338,300
May 15, 2007;13,346.05;13,586.03;13,339.47;13,542.88;13,542.88;11,973,200
May 08, 2007;13,309.40;13,383.76;13,210.90;13,346.78;13,346.78;11,447,400
May 01, 2007;13,062.75;13,317.69;13,041.30;13,312.97;13,312.97;11,900,500
Apr 24, 2007;12,919.64;13,162.06;12,901.68;13,062.91;13,062.91;12,751,900
Apr 17, 2007;12,719.56;12,983.92;12,707.45;12,919.40;12,919.40;14,203,600
Apr 10, 2007;12,568.49;12,731.18;12,428.22;12,720.46;12,720.46;11,277,200
Apr 03, 2007;12,379.05;12,593.60;12,379.05;12,569.14;12,569.14;7,871,200
Mar 27, 2007;12,468.67;12,468.67;12,242.60;12,382.30;12,382.30;10,853,800
Mar 20, 2007;12,226.81;12,511.05;12,213.11;12,469.07;12,469.07;11,016,900
Mar 13, 2007;12,307.49;12,307.57;11,939.61;12,226.17;12,226.17;14,755,300
Mar 06, 2007;12,051.17;12,349.95;12,050.61;12,318.62;12,318.62;12,140,400
Feb 27, 2007;12,628.90;12,629.38;12,039.11;12,050.41;12,050.41;17,720,800
Feb 20, 2007;12,766.85;12,795.93;12,608.47;12,632.26;12,632.26;10,716,000
Feb 13, 2007;12,549.19;12,779.03;12,549.19;12,767.57;12,767.57;8,426,600
Feb 06, 2007;12,661.66;12,700.28;12,536.21;12,552.55;12,552.55;9,841,600
Jan 30, 2007;12,492.23;12,683.93;12,459.46;12,661.74;12,661.74;11,453,300
Jan 23, 2007;12,477.81;12,623.45;12,431.34;12,490.78;12,490.78;12,109,900
Jan 16, 2007;12,555.84;12,614.00;12,450.89;12,477.16;12,477.16;13,470,100
Jan 09, 2007;12,424.77;12,561.04;12,355.63;12,556.08;12,556.08;9,700,100
Jan 02, 2007;12,459.54;12,580.35;12,337.37;12,423.49;12,423.49;10,449,800
Dec 26, 2006;12,341.94;12,529.88;12,337.05;12,463.15;12,463.15;5,421,600
Dec 19, 2006;12,439.51;12,498.47;12,341.70;12,343.22;12,343.22;7,624,900
Dec 12, 2006;12,328.24;12,490.70;12,252.05;12,441.27;12,441.27;13,706,200
Dec 05, 2006;12,283.69;12,360.76;12,243.08;12,328.48;12,328.48;11,600,000
Nov 28, 2006;12,118.94;12,309.97;12,072.60;12,283.85;12,283.85;12,828,300
Nov 21, 2006;12,312.13;12,361.00;12,110.81;12,121.71;12,121.71;7,087,700
Nov 14, 2006;12,132.44;12,355.23;12,084.97;12,316.54;12,316.54;12,515,600
Nov 07, 2006;12,104.75;12,196.32;12,074.01;12,131.88;12,131.88;11,488,800
Oct 31, 2006;12,086.18;12,123.96;11,965.31;12,105.55;12,105.55;11,542,600
Oct 24, 2006;12,116.51;12,167.02;12,049.92;12,086.50;12,086.50;12,168,500
Oct 17, 2006;11,977.40;12,125.16;11,887.19;12,116.91;12,116.91;14,455,500
Oct 10, 2006;11,857.73;11,997.25;11,794.17;11,980.60;11,980.60;13,411,000
Oct 03, 2006;11,670.11;11,872.94;11,653.06;11,857.81;11,857.81;11,869,000
Sep 26, 2006;11,575.73;11,741.99;11,567.65;11,670.35;11,670.35;12,311,100
Sep 19, 2006;11,554.60;11,630.56;11,474.56;11,575.81;11,575.81;11,131,100
Sep 12, 2006;11,396.84;11,613.51;11,395.71;11,555.00;11,555.00;12,134,000
Sep 05, 2006;11,461.83;11,488.17;11,323.84;11,396.84;11,396.84;9,672,700
Aug 29, 2006;11,352.65;11,476.48;11,299.58;11,464.15;11,464.15;7,036,900
Aug 22, 2006;11,344.41;11,387.79;11,260.28;11,352.01;11,352.01;8,858,200
Aug 15, 2006;11,098.03;11,381.47;11,098.03;11,345.05;11,345.05;11,498,200
Aug 08, 2006;11,218.18;11,276.29;11,042.64;11,097.87;11,097.87;10,767,600
Aug 01, 2006;11,184.80;11,344.17;11,083.86;11,219.38;11,219.38;10,205,700
Jul 25, 2006;11,051.05;11,243.31;10,999.90;11,185.68;11,185.68;13,514,600
Jul 18, 2006;10,745.84;11,065.95;10,683.32;11,051.05;11,051.05;16,711,700
Jul 11, 2006;11,102.59;11,151.18;10,701.34;10,747.36;10,747.36;14,569,500
Jul 04, 2006;11,225.06;11,257.08;11,066.01;11,103.55;11,103.55;9,343,100
Jun 27, 2006;11,048.24;11,235.63;10,902.48;11,228.02;11,228.02;13,675,400
Jun 20, 2006;10,942.03;11,131.73;10,938.42;11,045.28;11,045.28;12,585,200
Jun 13, 2006;10,783.14;11,057.61;10,698.85;10,942.11;10,942.11;19,426,800
Jun 06, 2006;11,048.24;11,094.26;10,757.55;10,792.58;10,792.58;17,069,300
May 30, 2006;11,277.25;11,285.82;11,040.24;11,048.72;11,048.72;14,337,000
May 23, 2006;11,126.29;11,283.49;11,030.47;11,278.61;11,278.61;13,178,700
May 16, 2006;11,428.21;11,460.55;11,040.07;11,125.33;11,125.33;18,710,200
May 09, 2006;11,584.62;11,670.19;11,333.04;11,428.77;11,428.77;14,920,800
May 02, 2006;11,345.21;11,603.59;11,345.13;11,584.54;11,584.54;16,987,300
Apr 25, 2006;11,336.56;11,428.37;11,260.84;11,343.29;11,343.29;20,256,500
Apr 18, 2006;11,074.58;11,405.88;11,074.58;11,336.32;11,336.32;14,954,500
Apr 11, 2006;11,141.33;11,186.64;11,039.12;11,073.78;11,073.78;9,492,700
Apr 04, 2006;11,142.54;11,269.30;11,108.02;11,141.33;11,141.33;12,011,800
Mar 28, 2006;11,250.11;11,281.77;11,105.65;11,144.94;11,144.94;14,243,000
Mar 21, 2006;11,275.89;11,334.96;11,221.54;11,250.11;11,250.11;14,342,400
Mar 14, 2006;11,076.02;11,308.39;11,058.65;11,274.53;11,274.53;15,606,900
Mar 07, 2006;10,957.31;11,116.68;10,922.73;11,076.02;11,076.02;13,362,300
Feb 28, 2006;11,096.75;11,106.68;10,929.22;10,958.59;10,958.59;15,286,100
Feb 21, 2006;11,115.48;11,159.18;11,010.22;11,097.55;11,097.55;13,939,800
Feb 14, 2006;10,890.72;11,131.95;10,890.72;11,115.32;11,115.32;12,380,500
Feb 07, 2006;10,796.42;10,952.27;10,737.67;10,892.32;10,892.32;15,440,500
Jan 31, 2006;10,900.40;10,967.57;10,770.97;10,798.27;10,798.27;16,269,300
Jan 24, 2006;10,690.21;10,932.34;10,672.60;10,899.92;10,899.92;19,114,900
Jan 17, 2006;10,957.87;10,957.87;10,661.15;10,688.77;10,688.77;18,691,500
Jan 10, 2006;11,010.46;11,047.76;10,921.53;10,959.87;10,959.87;10,368,700
Jan 03, 2006;10,718.30;11,020.15;10,684.45;11,011.90;11,011.90;13,653,300
Dec 27, 2005;10,883.75;10,932.82;10,709.42;10,717.50;10,717.50;6,784,500
Dec 20, 2005;10,836.93;10,904.80;10,789.62;10,883.27;10,883.27;8,685,100
Dec 13, 2005;10,765.69;10,940.34;10,751.36;10,836.53;10,836.53;17,132,600
Dec 06, 2005;10,835.41;10,936.20;10,729.67;10,767.77;10,767.77;12,544,700
Nov 29, 2005;10,888.48;10,959.79;10,803.87;10,835.01;10,835.01;12,221,200
Nov 22, 2005;10,815.96;10,955.48;10,787.22;10,890.72;10,890.72;9,297,500
Nov 15, 2005;10,697.17;10,835.33;10,652.27;10,820.28;10,820.28;14,291,900
Nov 08, 2005;10,574.18;10,710.06;10,519.39;10,697.17;10,697.17;11,467,200
Nov 01, 2005;10,440.07;10,593.35;10,388.76;10,586.23;10,586.23;13,672,200
Oct 25, 2005;10,383.88;10,486.65;10,229.95;10,440.07;10,440.07;13,534,000
Oct 18, 2005;10,349.14;10,432.78;10,193.45;10,385.00;10,385.00;15,709,400
Oct 11, 2005;10,239.16;10,350.99;10,156.46;10,348.10;10,348.10;13,066,500
Oct 04, 2005;10,534.36;10,567.82;10,218.09;10,238.76;10,238.76;13,588,800
Sep 27, 2005;10,444.58;10,608.56;10,415.62;10,535.48;10,535.48;11,610,700
Sep 20, 2005;10,558.19;10,604.76;10,350.96;10,443.63;10,443.63;12,383,800
Sep 13, 2005;10,673.71;10,674.03;10,520.93;10,557.63;10,557.63;14,537,900
Sep 06, 2005;10,447.69;10,701.81;10,447.69;10,682.94;10,682.94;11,317,800
Aug 30, 2005;10,461.54;10,513.76;10,350.00;10,447.37;10,447.37;9,993,300
Aug 23, 2005;10,571.01;10,577.46;10,349.37;10,463.05;10,463.05;10,504,800
Aug 16, 2005;10,631.59;10,641.15;10,503.37;10,569.89;10,569.89;11,168,600
Aug 09, 2005;10,537.65;10,719.41;10,537.65;10,634.38;10,634.38;10,923,600
Aug 02, 2005;10,623.79;10,699.19;10,524.91;10,536.93;10,536.93;11,140,600
Jul 26, 2005;10,597.60;10,717.73;10,572.92;10,623.15;10,623.15;10,618,500
Jul 19, 2005;10,576.90;10,700.06;10,576.90;10,596.48;10,596.48;13,340,600
Jul 12, 2005;10,519.49;10,657.69;10,483.20;10,574.99;10,574.99;11,638,300
Jul 05, 2005;10,303.13;10,534.22;10,175.40;10,519.72;10,519.72;12,228,700
Jun 28, 2005;10,291.01;10,433.79;10,267.22;10,303.44;10,303.44;9,710,900
Jun 21, 2005;10,608.88;10,646.24;10,253.49;10,290.78;10,290.78;12,548,300
Jun 14, 2005;10,521.95;10,656.29;10,495.39;10,609.11;10,609.11;11,771,100
Jun 07, 2005;10,466.00;10,589.16;10,443.31;10,522.56;10,522.56;10,423,400
May 31, 2005;10,541.89;10,586.37;10,430.97;10,467.03;10,467.03;10,535,200
May 24, 2005;10,522.68;10,552.01;10,426.39;10,542.55;10,542.55;7,553,200
May 17, 2005;10,247.49;10,560.81;10,213.14;10,523.56;10,523.56;12,075,900
May 10, 2005;10,382.94;10,382.94;10,075.55;10,252.29;10,252.29;11,752,800
May 03, 2005;10,251.04;10,405.77;10,208.03;10,384.34;10,384.34;12,244,200
Apr 26, 2005;10,240.99;10,263.60;10,048.12;10,251.70;10,251.70;13,263,600
Apr 19, 2005;10,071.55;10,260.20;10,000.46;10,242.47;10,242.47;14,021,700
Apr 12, 2005;10,448.63;10,529.77;10,020.93;10,071.25;10,071.25;15,642,800
Apr 05, 2005;10,421.14;10,557.11;10,419.44;10,448.56;10,448.56;11,864,300
Mar 29, 2005;10,485.65;10,568.93;10,356.71;10,421.14;10,421.14;14,498,900
Mar 22, 2005;10,565.39;10,609.95;10,430.53;10,485.65;10,485.65;10,881,100
Mar 15, 2005;10,804.29;10,838.65;10,534.06;10,565.39;10,565.39;15,307,200
Mar 08, 2005;10,935.60;10,952.45;10,754.41;10,804.51;10,804.51;11,780,800
Mar 01, 2005;10,769.04;10,984.46;10,767.19;10,936.86;10,936.86;11,859,700
Feb 22, 2005;10,783.38;10,845.60;10,608.98;10,766.23;10,766.23;14,020,400
Feb 15, 2005;10,791.06;10,853.43;10,730.32;10,785.22;10,785.22;10,919,600
Feb 08, 2005;10,712.51;10,829.19;10,660.42;10,791.13;10,791.13;12,876,300
Feb 01, 2005;10,489.72;10,733.50;10,489.64;10,715.76;10,715.76;12,569,700
Jan 25, 2005;10,369.42;10,531.99;10,369.42;10,489.94;10,489.94;14,343,300
Jan 18, 2005;10,554.23;10,628.94;10,368.61;10,368.61;10,368.61;12,875,900
Jan 11, 2005;10,619.77;10,622.88;10,485.73;10,558.00;10,558.00;10,794,400
Jan 04, 2005;10,727.81;10,769.56;10,571.74;10,621.03;10,621.03;13,529,500
Dec 28, 2004;10,776.06;10,867.39;10,710.07;10,729.43;10,729.43;8,906,700
Dec 21, 2004;10,661.89;10,868.07;10,661.89;10,776.13;10,776.13;9,112,000
Dec 14, 2004;10,640.53;10,739.33;10,621.03;10,661.60;10,661.60;18,202,400
Dec 07, 2004;10,546.80;10,642.53;10,418.63;10,638.32;10,638.32;12,842,900
Nov 30, 2004;10,475.27;10,643.05;10,425.76;10,547.06;10,547.06;13,958,500
Nov 23, 2004;10,486.69;10,557.41;10,417.08;10,475.90;10,475.90;7,980,300
Nov 16, 2004;10,549.79;10,602.85;10,432.01;10,489.42;10,489.42;12,902,700
Nov 09, 2004;10,387.62;10,563.02;10,368.59;10,550.24;10,550.24;13,725,100
Nov 02, 2004;10,053.87;10,416.67;10,011.18;10,391.31;10,391.31;16,518,500
Oct 26, 2004;9,750.59;10,076.59;9,749.55;10,054.39;10,054.39;13,144,500
Oct 19, 2004;9,958.38;10,020.55;9,708.40;9,749.99;9,749.99;13,005,300
Oct 12, 2004;10,080.42;10,127.17;9,861.63;9,956.32;9,956.32;13,067,000
Oct 05, 2004;10,216.76;10,240.95;10,036.32;10,081.97;10,081.97;11,175,400
Sep 28, 2004;9,989.73;10,270.37;9,977.92;10,216.54;10,216.54;13,485,800
Sep 21, 2004;10,204.52;10,270.52;9,985.37;9,988.54;9,988.54;10,896,200
Sep 14, 2004;10,315.13;10,340.13;10,187.19;10,204.89;10,204.89;10,814,000
Sep 07, 2004;10,261.52;10,363.36;10,237.78;10,314.76;10,314.76;10,706,900
Aug 31, 2004;10,121.97;10,321.77;10,074.22;10,260.20;10,260.20;7,324,000
Aug 24, 2004;10,074.89;10,211.25;10,062.13;10,122.52;10,122.52;6,770,100
Aug 17, 2004;9,955.50;10,131.08;9,934.05;10,073.05;10,073.05;8,903,000
Aug 10, 2004;9,815.55;9,967.08;9,783.91;9,954.55;9,954.55;9,575,800
Aug 03, 2004;10,178.27;10,178.28;9,793.05;9,814.66;9,814.66;8,907,500
Jul 27, 2004;9,963.54;10,203.56;9,963.54;10,179.16;10,179.16;10,494,500
Jul 20, 2004;10,094.43;10,237.12;9,913.92;9,961.92;9,961.92;11,828,600
Jul 13, 2004;10,238.37;10,286.89;10,063.31;10,094.06;10,094.06;11,571,500
Jul 06, 2004;10,280.26;10,280.26;10,162.18;10,238.22;10,238.22;8,585,500
Jun 29, 2004;10,356.35;10,471.24;10,264.92;10,282.83;10,282.83;7,895,100
Jun 22, 2004;10,370.21;10,498.67;10,307.25;10,357.09;10,357.09;11,679,200
Jun 15, 2004;10,336.51;10,440.05;10,336.51;10,371.47;10,371.47;10,226,000
Jun 08, 2004;10,389.41;10,432.81;10,307.05;10,334.73;10,334.73;6,659,300
Jun 01, 2004;10,187.18;10,391.15;10,134.86;10,391.08;10,391.08;8,466,500
May 25, 2004;9,958.08;10,222.24;9,915.86;10,188.45;10,188.45;7,318,800
May 18, 2004;9,906.71;10,093.21;9,900.59;9,958.43;9,958.43;9,427,400
May 11, 2004;9,989.24;10,074.11;9,852.19;9,906.91;9,906.91;10,602,000
May 04, 2004;10,314.32;10,386.32;9,932.74;9,990.02;9,990.02;10,831,500
Apr 27, 2004;10,445.38;10,537.35;10,219.18;10,314.00;10,314.00;10,942,200
Apr 20, 2004;10,437.85;10,512.79;10,250.48;10,444.73;10,444.73;11,631,900
Apr 13, 2004;10,516.05;10,552.61;10,322.16;10,437.85;10,437.85;11,038,800
Apr 06, 2004;10,553.76;10,570.81;10,393.91;10,515.56;10,515.56;7,236,800
Mar 30, 2004;10,327.63;10,558.66;10,306.15;10,558.37;10,558.37;10,403,400
Mar 23, 2004;10,066.67;10,350.45;10,007.49;10,329.63;10,329.63;10,519,700
Mar 16, 2004;10,103.41;10,328.82;10,012.16;10,064.75;10,064.75;11,051,100
Mar 09, 2004;10,529.52;10,529.70;10,092.47;10,102.89;10,102.89;12,398,200
Mar 02, 2004;10,678.36;10,678.36;10,524.59;10,529.48;10,529.48;10,312,300
Feb 24, 2004;10,609.55;10,695.55;10,521.70;10,678.14;10,678.14;10,264,000
Feb 17, 2004;10,628.88;10,753.63;10,560.44;10,609.62;10,609.62;10,045,000
Feb 10, 2004;10,578.74;10,746.88;10,559.26;10,627.85;10,627.85;8,809,900
Feb 03, 2004;10,499.48;10,618.51;10,447.18;10,579.03;10,579.03;9,429,800
Jan 27, 2004;10,701.10;10,701.77;10,417.85;10,499.18;10,499.18;11,619,800
Jan 20, 2004;10,601.40;10,705.18;10,490.96;10,702.51;10,702.51;10,793,700
Jan 13, 2004;10,485.18;10,600.74;10,367.41;10,600.51;10,600.51;8,978,500
Jan 06, 2004;10,543.85;10,592.59;10,444.15;10,485.18;10,485.18;10,759,300
Dec 30, 2003;10,449.70;10,544.07;10,384.30;10,544.07;10,544.07;6,616,500
Dec 23, 2003;10,337.56;10,450.00;10,296.15;10,450.00;10,450.00;4,431,900
Dec 16, 2003;10,023.34;10,338.00;10,023.34;10,338.00;10,338.00;10,764,300
Dec 09, 2003;9,966.45;10,139.63;9,882.38;10,022.82;10,022.82;10,849,200
Dec 02, 2003;9,899.64;9,970.16;9,837.27;9,965.27;9,965.27;11,424,200
Nov 25, 2003;9,748.68;9,902.23;9,706.01;9,899.05;9,899.05;6,415,200
Nov 18, 2003;9,711.44;9,750.46;9,585.50;9,747.79;9,747.79;10,291,100
Nov 11, 2003;9,756.53;9,892.97;9,629.87;9,710.83;9,710.83;9,843,100
Nov 04, 2003;9,857.49;9,903.57;9,736.90;9,756.53;9,756.53;9,306,000
Oct 28, 2003;9,609.72;9,896.16;9,609.72;9,858.46;9,858.46;10,873,400
Oct 21, 2003;9,778.31;9,784.31;9,497.72;9,608.16;9,608.16;11,239,700
Oct 14, 2003;9,763.27;9,850.01;9,701.72;9,777.94;9,777.94;10,016,100
Oct 07, 2003;9,593.28;9,783.49;9,536.02;9,764.38;9,764.38;9,826,200
Sep 30, 2003;9,378.10;9,666.53;9,230.47;9,594.98;9,594.98;10,691,600
Sep 23, 2003;9,535.76;9,592.67;9,293.22;9,380.24;9,380.24;10,757,400
Sep 16, 2003;9,449.16;9,686.08;9,449.16;9,535.41;9,535.41;10,771,500
Sep 09, 2003;9,584.92;9,584.95;9,380.95;9,448.81;9,448.81;9,330,700
Sep 02, 2003;9,416.67;9,609.09;9,389.58;9,586.29;9,586.29;10,664,000
Aug 26, 2003;9,316.03;9,421.23;9,233.08;9,415.82;9,415.82;6,512,800
Aug 19, 2003;9,412.17;9,499.97;9,280.94;9,317.64;9,317.64;10,805,700
Aug 12, 2003;9,218.12;9,419.38;9,208.80;9,412.45;9,412.45;7,920,900
Aug 05, 2003;9,185.27;9,251.59;8,997.11;9,217.35;9,217.35;9,214,300
Jul 29, 2003;9,268.19;9,361.40;9,048.58;9,186.04;9,186.04;10,567,000
Jul 22, 2003;9,098.65;9,303.83;9,037.30;9,266.51;9,266.51;10,257,500
Jul 15, 2003;9,179.18;9,238.01;9,017.84;9,096.69;9,096.69;12,301,300
Jul 08, 2003;9,213.48;9,278.41;8,996.76;9,177.15;9,177.15;11,558,700
Jul 01, 2003;8,983.66;9,261.12;8,871.20;9,216.79;9,216.79;8,513,300
Jun 24, 2003;9,071.48;9,161.74;8,970.28;8,985.44;8,985.44;10,505,400
Jun 17, 2003;9,319.66;9,352.77;9,038.29;9,072.95;9,072.95;12,966,700
Jun 10, 2003;8,980.79;9,318.96;8,980.65;9,318.96;9,318.96;10,433,800
Jun 03, 2003;8,898.23;9,215.88;8,861.32;8,980.00;8,980.00;13,355,100
May 27, 2003;8,600.54;9,003.27;8,540.59;8,897.81;8,897.81;13,268,700
May 20, 2003;8,494.09;8,628.14;8,416.72;8,601.38;8,601.38;10,567,000
May 13, 2003;8,722.88;8,742.58;8,483.31;8,493.39;8,493.39;10,749,100
May 06, 2003;8,531.28;8,743.47;8,477.36;8,726.73;8,726.73;8,738,400
Apr 29, 2003;8,472.88;8,601.94;8,340.23;8,531.57;8,531.57;11,051,200
Apr 22, 2003;8,326.38;8,526.38;8,263.98;8,471.61;8,471.61;12,028,200
Apr 15, 2003;8,347.66;8,446.47;8,233.73;8,328.90;8,328.90;9,815,600
Apr 08, 2003;8,299.12;8,388.33;8,145.87;8,351.10;8,351.10;11,111,600
Apr 01, 2003;7,992.83;8,520.21;7,979.69;8,300.41;8,300.41;13,436,400
Mar 25, 2003;8,216.85;8,337.72;7,929.31;7,992.13;7,992.13;11,998,600
Mar 18, 2003;8,142.69;8,522.18;8,096.12;8,214.68;8,214.68;14,662,600
Mar 11, 2003;7,568.53;8,145.84;7,416.64;8,141.92;8,141.92;15,189,800
Mar 04, 2003;7,838.14;7,845.71;7,559.64;7,568.18;7,568.18;12,148,200
Feb 25, 2003;7,856.42;7,981.46;7,719.64;7,837.86;7,837.86;12,476,000
Feb 18, 2003;7,909.30;8,076.02;7,851.11;7,858.24;7,858.24;11,342,400
Feb 11, 2003;7,920.93;7,985.52;7,628.99;7,908.80;7,908.80;9,092,500
Feb 04, 2003;8,104.61;8,152.53;7,801.29;7,920.11;7,920.11;11,218,300
Jan 28, 2003;7,991.07;8,158.02;7,917.16;8,109.82;8,109.82;13,523,900
Jan 21, 2003;8,586.26;8,623.49;7,957.82;7,989.56;7,989.56;13,119,000
Jan 14, 2003;8,787.22;8,854.61;8,559.11;8,586.74;8,586.74;10,043,500
Jan 07, 2003;8,775.84;8,869.29;8,580.10;8,785.98;8,785.98;12,437,800
Dec 31, 2002;8,332.24;8,800.59;8,242.91;8,773.57;8,773.57;9,263,400
Dec 24, 2002;8,491.99;8,565.01;8,252.51;8,332.85;8,332.85;5,569,300
Dec 17, 2002;8,626.99;8,638.64;8,327.78;8,493.29;8,493.29;12,719,300
Dec 10, 2002;8,473.61;8,627.54;8,422.94;8,627.40;8,627.40;10,708,000
Dec 03, 2002;8,861.13;8,861.13;8,473.00;8,473.41;8,473.41;12,350,600
Nov 26, 2002;8,844.12;9,043.37;8,670.18;8,862.57;8,862.57;8,725,600
Nov 19, 2002;8,484.93;8,880.39;8,405.12;8,849.40;8,849.40;14,701,800
Nov 12, 2002;8,356.73;8,636.24;8,298.68;8,486.57;8,486.57;13,668,100
Nov 05, 2002;8,568.76;8,800.00;8,349.53;8,358.95;8,358.95;13,653,900
Oct 29, 2002;8,367.28;8,730.64;8,198.04;8,571.60;8,571.60;14,868,700
Oct 22, 2002;8,534.08;8,558.63;8,258.52;8,368.04;8,368.04;14,629,900
Oct 15, 2002;7,883.23;8,547.83;7,883.23;8,538.24;8,538.24;18,174,600
Oct 08, 2002;7,425.82;7,915.00;7,197.49;7,877.40;7,877.40;17,294,300
Oct 01, 2002;7,593.04;7,969.37;7,404.94;7,422.84;7,422.84;16,196,200
Sep 24, 2002;7,871.23;8,012.42;7,460.78;7,591.93;7,591.93;16,994,000
Sep 17, 2002;8,386.35;8,482.34;7,788.42;7,872.15;7,872.15;15,256,300
Sep 10, 2002;8,520.14;8,726.90;8,247.84;8,380.18;8,380.18;10,667,500
Sep 03, 2002;8,659.27;8,659.27;8,217.05;8,519.38;8,519.38;13,100,200
Aug 27, 2002;8,917.49;9,017.02;8,558.02;8,663.50;8,663.50;8,520,700
Aug 20, 2002;8,986.50;9,077.01;8,756.02;8,919.01;8,919.01;11,629,200
Aug 13, 2002;8,683.15;8,994.12;8,353.07;8,990.79;8,990.79;13,598,900
Aug 06, 2002;8,049.93;8,796.68;8,049.93;8,688.89;8,688.89;13,298,900
Jul 30, 2002;8,707.03;8,762.14;8,030.82;8,043.63;8,043.63;15,474,400
Jul 23, 2002;7,785.55;8,711.88;7,532.66;8,711.88;8,711.88;21,751,900
Jul 16, 2002;8,635.31;8,723.37;7,717.29;7,784.58;7,784.58;18,753,800
Jul 09, 2002;9,273.38;9,318.10;8,244.87;8,639.19;8,639.19;17,705,900
Jul 02, 2002;9,104.95;9,410.38;8,897.54;9,274.90;9,274.90;9,739,600
Jun 25, 2002;9,285.56;9,413.08;8,926.57;9,109.79;9,109.79;16,278,300
Jun 18, 2002;9,684.52;9,733.39;9,083.56;9,281.82;9,281.82;14,953,600
Jun 11, 2002;9,647.62;9,758.80;9,260.99;9,687.42;9,687.42;13,471,500
Jun 04, 2002;9,710.34;9,802.55;9,472.54;9,645.40;9,645.40;13,506,000
May 28, 2002;10,106.54;10,118.51;9,704.18;9,709.79;9,709.79;10,582,800
May 21, 2002;10,229.08;10,292.95;10,063.50;10,104.26;10,104.26;7,542,300
May 14, 2002;10,119.34;10,353.43;10,119.34;10,229.50;10,229.50;11,025,900
May 07, 2002;9,810.53;10,148.94;9,810.53;10,109.66;10,109.66;11,811,000
Apr 30, 2002;9,818.90;10,117.54;9,807.69;9,808.04;9,808.04;11,972,600
Apr 23, 2002;10,137.20;10,177.13;9,811.57;9,819.87;9,819.87;11,320,200
Apr 16, 2002;10,100.38;10,326.44;10,057.00;10,136.43;10,136.43;12,313,800
Apr 09, 2002;10,249.84;10,394.67;10,070.49;10,093.67;10,093.67;12,788,400
Apr 02, 2002;10,352.46;10,352.46;10,120.87;10,249.08;10,249.08;10,245,500
Mar 26, 2002;10,280.51;10,502.61;10,263.68;10,362.70;10,362.70;7,471,700
Mar 19, 2002;10,578.38;10,673.10;10,280.77;10,281.67;10,281.67;10,335,400
Mar 12, 2002;10,604.32;10,661.06;10,474.17;10,577.75;10,577.75;11,438,500
Mar 05, 2002;10,591.38;10,663.83;10,425.05;10,611.24;10,611.24;12,791,100
Feb 26, 2002;10,145.86;10,600.10;10,033.75;10,586.82;10,586.82;13,531,700
Feb 19, 2002;9,899.24;10,172.62;9,734.21;10,145.71;10,145.71;13,232,200
Feb 12, 2002;9,880.35;10,052.29;9,811.64;9,903.04;9,903.04;8,571,900
Feb 05, 2002;9,684.74;9,892.80;9,580.32;9,884.78;9,884.78;12,001,400
Jan 29, 2002;9,865.54;9,943.94;9,529.46;9,687.09;9,687.09;13,381,900
Jan 22, 2002;9,772.34;9,897.85;9,680.51;9,865.75;9,865.75;10,835,400
Jan 15, 2002;9,892.73;9,986.21;9,711.10;9,771.85;9,771.85;9,991,100
Jan 08, 2002;10,195.76;10,270.88;9,889.27;9,891.42;9,891.42;10,686,200
Jan 01, 2002;10,021.71;10,300.15;9,935.70;10,197.05;10,197.05;9,443,700