Date;Open;High;Low;Close*;Adj Close**;Volume
Dec 27, 2011;2,613.51;2,633.34;2,586.85;2,605.15;2,605.15;4,083,690,000
Dec 20, 2011;2,567.25;2,618.84;2,544.66;2,618.64;2,618.64;6,165,980,000
Dec 13, 2011;2,629.67;2,639.74;2,518.01;2,523.14;2,523.14;9,519,480,000
Dec 06, 2011;2,655.02;2,663.63;2,591.42;2,612.26;2,612.26;8,232,090,000
Nov 29, 2011;2,529.11;2,674.53;2,508.27;2,655.76;2,655.76;9,240,760,000
Nov 22, 2011;2,517.64;2,534.40;2,441.48;2,527.34;2,527.34;5,817,640,000
Nov 15, 2011;2,647.91;2,695.87;2,500.89;2,523.14;2,523.14;9,658,190,000
Nov 08, 2011;2,712.08;2,730.39;2,601.79;2,657.22;2,657.22;8,891,170,000
Nov 01, 2011;2,607.31;2,699.84;2,597.16;2,695.25;2,695.25;9,965,700,000
Oct 25, 2011;2,685.86;2,753.37;2,598.74;2,684.41;2,684.41;10,318,190,000
Oct 18, 2011;2,614.05;2,703.07;2,557.17;2,699.44;2,699.44;9,856,450,000
Oct 11, 2011;2,554.70;2,667.85;2,551.94;2,614.92;2,614.92;8,643,370,000
Oct 04, 2011;2,312.68;2,566.05;2,298.89;2,566.05;2,566.05;11,422,130,000
Sep 27, 2011;2,560.78;2,590.94;2,335.23;2,335.83;2,335.83;10,904,360,000
Sep 20, 2011;2,623.89;2,643.37;2,420.23;2,516.69;2,516.69;10,964,260,000
Sep 13, 2011;2,502.59;2,627.34;2,494.07;2,612.83;2,612.83;10,818,390,000
Sep 06, 2011;2,417.61;2,568.45;2,414.31;2,495.09;2,495.09;9,543,180,000
Aug 30, 2011;2,547.07;2,611.58;2,469.35;2,480.33;2,480.33;7,181,260,000
Aug 23, 2011;2,360.95;2,562.58;2,349.08;2,562.11;2,562.11;9,292,780,000
Aug 16, 2011;2,526.48;2,549.11;2,337.28;2,345.38;2,345.38;11,105,800,000
Aug 09, 2011;2,402.13;2,555.20;2,331.65;2,555.20;2,555.20;14,512,520,000
Aug 02, 2011;2,728.29;2,745.87;2,357.69;2,357.69;2,357.69;15,989,690,000
Jul 26, 2011;2,842.74;2,851.72;2,716.30;2,744.61;2,744.61;10,685,470,000
Jul 19, 2011;2,790.98;2,862.72;2,790.98;2,842.80;2,842.80;9,309,040,000
Jul 12, 2011;2,798.75;2,825.86;2,743.79;2,765.11;2,765.11;9,404,020,000
Jul 05, 2011;2,817.87;2,878.94;2,795.54;2,802.62;2,802.62;8,447,860,000
Jun 28, 2011;2,694.26;2,818.19;2,692.45;2,816.03;2,816.03;6,992,590,000
Jun 21, 2011;2,640.33;2,697.34;2,627.47;2,688.28;2,688.28;10,113,920,000
Jun 14, 2011;2,662.73;2,685.65;2,599.86;2,629.66;2,629.66;9,661,520,000
Jun 07, 2011;2,712.79;2,723.32;2,629.61;2,639.69;2,639.69;9,460,630,000
May 31, 2011;2,824.25;2,835.34;2,702.20;2,702.56;2,702.56;10,438,520,000
May 24, 2011;2,766.70;2,801.15;2,739.85;2,796.86;2,796.86;7,315,600,000
May 17, 2011;2,769.17;2,828.41;2,750.64;2,758.90;2,758.90;9,424,800,000
May 10, 2011;2,851.91;2,874.61;2,779.54;2,782.31;2,782.31;10,469,490,000
May 03, 2011;2,859.30;2,861.95;2,804.82;2,843.25;2,843.25;10,344,500,000
Apr 26, 2011;2,832.48;2,887.75;2,829.00;2,864.08;2,864.08;10,631,030,000
Apr 19, 2011;2,741.35;2,826.26;2,727.12;2,825.88;2,825.88;7,345,510,000
Apr 12, 2011;2,755.89;2,772.05;2,706.50;2,735.38;2,735.38;8,852,480,000
Apr 05, 2011;2,787.78;2,815.55;2,760.84;2,771.51;2,771.51;9,462,170,000
Mar 29, 2011;2,727.83;2,802.63;2,720.19;2,789.19;2,789.19;9,142,030,000
Mar 22, 2011;2,692.13;2,762.55;2,660.17;2,730.68;2,730.68;8,908,390,000
Mar 15, 2011;2,619.40;2,699.70;2,603.50;2,692.09;2,692.09;10,688,150,000
Mar 08, 2011;2,745.23;2,775.41;2,682.09;2,700.97;2,700.97;9,829,450,000
Mar 01, 2011;2,791.08;2,802.32;2,724.51;2,745.63;2,745.63;10,278,010,000
Feb 22, 2011;2,795.44;2,808.18;2,705.54;2,782.27;2,782.27;10,683,860,000
Feb 15, 2011;2,809.02;2,840.51;2,798.83;2,833.95;2,833.95;8,331,980,000
Feb 08, 2011;2,782.41;2,819.87;2,762.34;2,817.18;2,817.18;10,262,850,000
Feb 01, 2011;2,717.61;2,796.50;2,716.64;2,783.99;2,783.99;9,946,650,000
Jan 25, 2011;2,704.25;2,763.64;2,676.87;2,700.08;2,700.08;10,311,530,000
Jan 18, 2011;2,744.80;2,766.17;2,686.59;2,717.55;2,717.55;10,262,630,000
Jan 11, 2011;2,719.60;2,755.30;2,706.58;2,755.30;2,755.30;7,711,170,000
Jan 04, 2011;2,699.86;2,715.96;2,663.64;2,707.80;2,707.80;10,016,770,000
Dec 28, 2010;2,671.85;2,704.86;2,649.04;2,691.52;2,691.52;6,272,960,000
Dec 21, 2010;2,658.94;2,675.26;2,645.38;2,667.27;2,667.27;5,628,980,000
Dec 14, 2010;2,631.34;2,658.80;2,613.15;2,649.56;2,649.56;9,582,320,000
Dec 07, 2010;2,623.15;2,645.79;2,592.89;2,624.91;2,624.91;9,166,790,000
Nov 30, 2010;2,497.12;2,599.19;2,488.61;2,594.92;2,594.92;9,892,980,000
Nov 23, 2010;2,504.21;2,545.41;2,483.16;2,525.22;2,525.22;5,834,140,000
Nov 16, 2010;2,494.21;2,532.02;2,459.79;2,532.02;2,532.02;9,787,250,000
Nov 09, 2010;2,587.08;2,592.94;2,506.40;2,513.82;2,513.82;10,760,280,000
Nov 02, 2010;2,525.94;2,583.30;2,511.31;2,580.05;2,580.05;10,289,620,000
Oct 26, 2010;2,476.51;2,532.37;2,470.12;2,504.84;2,504.84;9,899,420,000
Oct 19, 2010;2,442.21;2,507.03;2,422.14;2,490.85;2,490.85;9,788,590,000
Oct 12, 2010;2,397.70;2,480.95;2,379.39;2,480.66;2,480.66;10,227,430,000
Oct 05, 2010;2,368.52;2,413.03;2,366.06;2,402.33;2,402.33;9,694,480,000
Sep 28, 2010;2,373.13;2,400.06;2,332.46;2,344.52;2,344.52;10,456,590,000
Sep 21, 2010;2,355.27;2,386.01;2,316.11;2,369.77;2,369.77;10,084,920,000
Sep 14, 2010;2,281.31;2,358.90;2,274.57;2,355.83;2,355.83;10,377,440,000
Sep 07, 2010;2,227.26;2,289.49;2,206.62;2,285.71;2,285.71;9,040,200,000
Aug 31, 2010;2,109.76;2,235.57;2,101.52;2,233.75;2,233.75;7,546,460,000
Aug 24, 2010;2,131.00;2,154.99;2,099.29;2,119.97;2,119.97;9,685,390,000
Aug 17, 2010;2,197.09;2,228.90;2,159.44;2,159.63;2,159.63;9,050,630,000
Aug 10, 2010;2,280.06;2,290.51;2,155.66;2,181.87;2,181.87;9,736,390,000
Aug 03, 2010;2,291.75;2,309.43;2,253.92;2,305.69;2,305.69;9,284,520,000
Jul 27, 2010;2,306.62;2,307.60;2,218.61;2,295.36;2,295.36;10,330,310,000
Jul 20, 2010;2,165.35;2,296.43;2,159.95;2,296.43;2,296.43;10,943,400,000
Jul 13, 2010;2,221.25;2,260.33;2,171.20;2,198.23;2,198.23;10,433,330,000
Jul 06, 2010;2,122.28;2,213.39;2,077.77;2,198.36;2,198.36;9,767,140,000
Jun 29, 2010;2,183.92;2,185.30;2,061.14;2,091.79;2,091.79;9,438,040,000
Jun 22, 2010;2,296.83;2,313.72;2,205.92;2,220.65;2,220.65;11,345,350,000
Jun 15, 2010;2,256.48;2,341.11;2,256.44;2,289.09;2,289.09;9,995,070,000
Jun 08, 2010;2,176.07;2,278.96;2,139.46;2,243.96;2,243.96;11,038,510,000
Jun 01, 2010;2,244.79;2,307.47;2,172.25;2,173.90;2,173.90;11,206,150,000
May 25, 2010;2,157.45;2,278.37;2,140.53;2,257.04;2,257.04;10,597,490,000
May 18, 2010;2,372.84;2,374.91;2,165.79;2,213.55;2,213.55;14,096,580,000
May 11, 2010;2,347.70;2,434.29;2,304.28;2,354.23;2,354.23;12,363,490,000
May 04, 2010;2,465.55;2,465.55;2,185.75;2,374.67;2,374.67;17,747,190,000
Apr 27, 2010;2,512.58;2,525.70;2,456.63;2,498.74;2,498.74;13,929,140,000
Apr 20, 2010;2,492.72;2,535.28;2,468.26;2,522.95;2,522.95;12,681,890,000
Apr 13, 2010;2,454.95;2,517.82;2,445.26;2,480.11;2,480.11;13,833,950,000
Apr 06, 2010;2,420.33;2,463.17;2,413.74;2,457.87;2,457.87;12,011,320,000
Mar 30, 2010;2,406.69;2,429.61;2,383.77;2,429.53;2,429.53;8,986,570,000
Mar 23, 2010;2,397.90;2,432.25;2,384.69;2,404.36;2,404.36;11,941,980,000
Mar 16, 2010;2,367.32;2,401.21;2,358.00;2,395.40;2,395.40;12,160,240,000
Mar 09, 2010;2,325.78;2,376.28;2,325.74;2,362.21;2,362.21;11,486,840,000
Mar 02, 2010;2,279.07;2,335.43;2,273.63;2,332.21;2,332.21;12,345,590,000
Feb 23, 2010;2,238.01;2,274.02;2,198.73;2,273.57;2,273.57;11,555,620,000
Feb 16, 2010;2,200.38;2,251.68;2,189.18;2,242.03;2,242.03;10,396,150,000
Feb 09, 2010;2,153.10;2,184.57;2,131.08;2,183.53;2,183.53;8,733,800,000
Feb 02, 2010;2,171.66;2,194.53;2,100.17;2,126.05;2,126.05;12,420,590,000
Jan 26, 2010;2,203.44;2,227.89;2,140.34;2,171.20;2,171.20;13,008,500,000
Jan 19, 2010;2,291.02;2,320.40;2,200.37;2,210.80;2,210.80;12,226,950,000
Jan 12, 2010;2,297.28;2,322.56;2,272.70;2,287.99;2,287.99;9,578,610,000
Jan 05, 2010;2,307.27;2,326.28;2,285.22;2,312.41;2,312.41;11,114,530,000
Dec 29, 2009;2,293.94;2,311.15;2,269.11;2,308.42;2,308.42;5,659,580,000
Dec 22, 2009;2,242.61;2,295.80;2,241.33;2,291.08;2,291.08;5,171,880,000
Dec 15, 2009;2,203.54;2,242.22;2,178.05;2,237.66;2,237.66;10,531,480,000
Dec 08, 2009;2,174.72;2,212.56;2,155.96;2,212.10;2,212.10;9,430,700,000
Dec 01, 2009;2,162.23;2,214.39;2,162.23;2,189.61;2,189.61;10,406,810,000
Nov 24, 2009;2,174.69;2,178.62;2,113.99;2,144.60;2,144.60;6,215,140,000
Nov 17, 2009;2,190.12;2,203.78;2,137.06;2,176.01;2,176.01;9,889,090,000
Nov 10, 2009;2,147.24;2,205.32;2,141.27;2,197.85;2,197.85;10,042,640,000
Nov 03, 2009;2,034.09;2,154.06;2,031.25;2,154.06;2,154.06;10,322,110,000
Oct 27, 2009;2,144.15;2,148.88;2,024.27;2,049.20;2,049.20;12,474,160,000
Oct 20, 2009;2,180.43;2,190.64;2,130.70;2,141.85;2,141.85;11,699,620,000
Oct 13, 2009;2,138.70;2,180.11;2,128.44;2,176.32;2,176.32;10,689,210,000
Oct 06, 2009;2,080.40;2,155.92;2,079.49;2,139.14;2,139.14;10,722,440,000
Sep 29, 2009;2,131.67;2,141.40;2,040.73;2,068.15;2,068.15;12,016,160,000
Sep 22, 2009;2,150.02;2,167.70;2,085.35;2,130.74;2,130.74;12,034,970,000
Sep 15, 2009;2,090.33;2,142.41;2,086.16;2,138.04;2,138.04;13,127,720,000
Sep 08, 2009;2,034.74;2,091.78;2,023.03;2,091.78;2,091.78;11,458,090,000
Sep 01, 2009;2,001.30;2,034.78;1,958.04;2,018.78;2,018.78;8,328,500,000
Aug 25, 2009;2,025.59;2,059.48;1,993.03;2,009.06;2,009.06;10,711,470,000
Aug 18, 2009;1,940.55;2,036.03;1,931.91;2,017.98;2,017.98;9,991,150,000
Aug 11, 2009;1,985.06;2,015.26;1,929.64;1,930.84;1,930.84;9,987,690,000
Aug 04, 2009;1,996.38;2,015.59;1,967.68;1,992.24;1,992.24;11,165,640,000
Jul 28, 2009;1,957.26;2,009.81;1,947.89;2,008.61;2,008.61;11,151,270,000
Jul 21, 2009;1,917.39;1,979.34;1,892.17;1,967.89;1,967.89;11,907,610,000
Jul 14, 2009;1,790.70;1,909.89;1,782.85;1,909.29;1,909.29;10,396,090,000
Jul 07, 2009;1,787.44;1,793.21;1,727.05;1,793.21;1,793.21;9,920,460,000
Jun 30, 2009;1,845.47;1,861.62;1,770.11;1,787.40;1,787.40;7,909,630,000
Jun 23, 2009;1,771.42;1,854.09;1,753.78;1,844.06;1,844.06;12,502,420,000
Jun 16, 2009;1,825.20;1,837.58;1,765.85;1,766.19;1,766.19;12,002,100,000
Jun 09, 2009;1,850.48;1,879.92;1,803.07;1,816.38;1,816.38;11,120,360,000
Jun 02, 2009;1,821.22;1,865.95;1,806.51;1,842.40;1,842.40;11,611,050,000
May 26, 2009;1,677.72;1,833.18;1,677.54;1,828.68;1,828.68;11,468,490,000
May 19, 2009;1,727.00;1,767.47;1,677.77;1,692.01;1,692.01;8,164,300,000
May 12, 2009;1,742.86;1,743.52;1,664.19;1,732.36;1,732.36;11,074,930,000
May 05, 2009;1,757.26;1,773.13;1,702.54;1,731.24;1,731.24;14,553,920,000
Apr 28, 2009;1,668.26;1,763.56;1,661.40;1,763.56;1,763.56;12,028,160,000
Apr 21, 2009;1,599.03;1,702.87;1,598.93;1,679.41;1,679.41;12,294,820,000
Apr 14, 2009;1,637.50;1,682.24;1,599.11;1,608.21;1,608.21;12,167,160,000
Apr 07, 2009;1,585.58;1,660.83;1,559.46;1,653.31;1,653.31;7,682,580,000
Mar 31, 2009;1,518.70;1,623.34;1,498.54;1,606.71;1,606.71;11,359,060,000
Mar 24, 2009;1,535.68;1,587.00;1,484.98;1,501.80;1,501.80;11,067,630,000
Mar 17, 2009;1,409.67;1,555.77;1,405.32;1,555.77;1,555.77;11,728,750,000
Mar 10, 2009;1,288.95;1,445.27;1,288.95;1,404.02;1,404.02;11,043,180,000
Mar 03, 2009;1,341.42;1,370.29;1,265.52;1,268.64;1,268.64;11,450,850,000
Feb 24, 2009;1,399.37;1,453.66;1,322.13;1,322.85;1,322.85;11,413,420,000
Feb 17, 2009;1,489.12;1,492.82;1,386.68;1,387.72;1,387.72;10,859,860,000
Feb 10, 2009;1,578.02;1,598.50;1,495.34;1,534.36;1,534.36;9,098,260,000
Feb 03, 2009;1,499.59;1,598.23;1,479.42;1,591.56;1,591.56;11,055,110,000
Jan 27, 2009;1,494.12;1,568.33;1,460.51;1,494.43;1,494.43;9,880,130,000
Jan 20, 2009;1,520.76;1,521.85;1,434.08;1,489.46;1,489.46;10,422,120,000
Jan 13, 2009;1,537.42;1,557.95;1,456.72;1,529.33;1,529.33;8,628,490,000
Jan 06, 2009;1,642.37;1,665.63;1,528.00;1,538.79;1,538.79;9,796,950,000
Dec 30, 2008;1,521.18;1,640.46;1,517.26;1,628.03;1,628.03;6,150,390,000
Dec 23, 2008;1,539.37;1,548.44;1,493.45;1,510.32;1,510.32;3,601,040,000
Dec 16, 2008;1,526.06;1,598.33;1,503.66;1,532.35;1,532.35;10,665,410,000
Dec 09, 2008;1,546.54;1,602.92;1,478.03;1,508.34;1,508.34;9,768,050,000
Dec 02, 2008;1,423.85;1,583.81;1,399.88;1,571.74;1,571.74;10,785,520,000
Nov 25, 2008;1,472.02;1,535.57;1,398.07;1,398.07;1,398.07;7,129,580,000
Nov 18, 2008;1,488.93;1,498.42;1,295.48;1,472.02;1,472.02;13,494,660,000
Nov 11, 2008;1,598.59;1,612.42;1,428.54;1,482.05;1,482.05;11,114,790,000
Nov 04, 2008;1,761.09;1,785.84;1,603.33;1,616.74;1,616.74;10,327,770,000
Oct 28, 2008;1,552.24;1,742.54;1,504.13;1,726.33;1,726.33;12,238,680,000
Oct 21, 2008;1,741.84;1,768.54;1,493.79;1,505.90;1,505.90;12,681,690,000
Oct 14, 2008;1,894.87;1,896.95;1,565.72;1,770.03;1,770.03;13,516,850,000
Oct 07, 2008;1,867.97;1,886.35;1,542.45;1,844.25;1,844.25;15,793,970,000
Sep 30, 2008;2,033.69;2,094.31;1,777.02;1,862.96;1,862.96;12,453,050,000
Sep 23, 2008;2,190.71;2,210.74;1,983.73;1,983.73;1,983.73;10,395,980,000
Sep 16, 2008;2,149.65;2,318.43;2,070.22;2,178.98;2,178.98;15,936,320,000
Sep 09, 2008;2,269.93;2,285.54;2,179.91;2,179.91;2,179.91;11,782,030,000
Sep 02, 2008;2,402.11;2,413.11;2,216.99;2,269.76;2,269.76;11,232,370,000
Aug 26, 2008;2,364.31;2,412.84;2,345.79;2,367.52;2,367.52;5,939,390,000
Aug 19, 2008;2,404.95;2,417.63;2,360.39;2,365.59;2,365.59;8,758,010,000
Aug 12, 2008;2,434.26;2,473.20;2,404.03;2,416.98;2,416.98;9,258,720,000
Aug 05, 2008;2,308.14;2,461.65;2,303.63;2,439.95;2,439.95;11,204,430,000
Jul 29, 2008;2,274.61;2,353.39;2,274.37;2,285.56;2,285.56;11,193,880,000
Jul 22, 2008;2,256.32;2,350.09;2,252.84;2,264.22;2,264.22;11,716,770,000
Jul 15, 2008;2,197.18;2,320.77;2,167.29;2,279.53;2,279.53;11,879,310,000
Jul 08, 2008;2,244.90;2,296.03;2,203.25;2,212.87;2,212.87;11,386,990,000
Jul 01, 2008;2,274.24;2,317.20;2,214.16;2,243.32;2,243.32;8,817,850,000
Jun 24, 2008;2,375.80;2,421.25;2,290.59;2,292.98;2,292.98;12,150,670,000
Jun 17, 2008;2,481.20;2,483.19;2,384.56;2,385.74;2,385.74;10,609,840,000
Jun 10, 2008;2,436.75;2,479.95;2,388.49;2,474.78;2,474.78;10,401,650,000
Jun 03, 2008;2,500.50;2,549.94;2,429.30;2,459.46;2,459.46;10,833,180,000
May 27, 2008;2,450.52;2,530.16;2,448.58;2,491.53;2,491.53;9,617,670,000
May 20, 2008;2,505.86;2,508.90;2,430.36;2,444.67;2,444.67;7,823,610,000
May 13, 2008;2,491.02;2,551.47;2,472.58;2,516.09;2,516.09;10,756,520,000
May 06, 2008;2,455.11;2,496.65;2,429.03;2,488.49;2,488.49;9,848,680,000
Apr 29, 2008;2,420.00;2,499.14;2,406.37;2,464.12;2,464.12;10,605,810,000
Apr 22, 2008;2,397.12;2,447.28;2,361.67;2,424.40;2,424.40;10,141,360,000
Apr 15, 2008;2,287.43;2,412.78;2,266.29;2,408.04;2,408.04;9,585,020,000
Apr 08, 2008;2,353.58;2,363.91;2,274.91;2,275.82;2,275.82;9,245,590,000
Apr 01, 2008;2,306.51;2,391.93;2,305.40;2,364.83;2,364.83;9,857,860,000
Mar 25, 2008;2,329.16;2,346.78;2,256.87;2,279.10;2,279.10;9,627,170,000
Mar 18, 2008;2,215.61;2,336.70;2,206.81;2,326.75;2,326.75;9,754,130,000
Mar 11, 2008;2,209.65;2,282.61;2,155.42;2,177.01;2,177.01;11,907,920,000
Mar 04, 2008;2,244.21;2,290.01;2,168.67;2,169.34;2,169.34;11,532,150,000
Feb 26, 2008;2,314.42;2,363.52;2,240.30;2,258.60;2,258.60;11,062,660,000
Feb 19, 2008;2,348.98;2,353.79;2,265.36;2,327.48;2,327.48;11,001,740,000
Feb 12, 2008;2,333.31;2,376.22;2,305.81;2,321.80;2,321.80;8,625,320,000
Feb 05, 2008;2,344.81;2,359.43;2,252.65;2,320.06;2,320.06;12,111,800,000
Jan 29, 2008;2,360.43;2,419.23;2,313.52;2,382.85;2,382.85;12,703,430,000
Jan 22, 2008;2,221.20;2,408.22;2,202.54;2,349.91;2,349.91;14,373,850,000
Jan 15, 2008;2,449.04;2,455.29;2,323.29;2,340.02;2,340.02;11,564,740,000
Jan 08, 2008;2,506.97;2,527.42;2,407.39;2,478.30;2,478.30;12,517,760,000
Jan 01, 2008;2,653.91;2,661.50;2,471.23;2,499.46;2,499.46;9,163,300,000
Dec 25, 2007;2,702.82;2,727.55;2,646.09;2,652.28;2,652.28;6,360,050,000
Dec 18, 2007;2,597.59;2,715.77;2,553.99;2,713.50;2,713.50;9,066,400,000
Dec 11, 2007;2,723.09;2,734.82;2,574.46;2,574.46;2,574.46;10,426,360,000
Dec 04, 2007;2,620.34;2,727.84;2,613.83;2,718.95;2,718.95;9,905,870,000
Nov 27, 2007;2,557.98;2,696.24;2,546.37;2,637.13;2,637.13;11,408,730,000
Nov 20, 2007;2,603.53;2,633.82;2,539.81;2,540.99;2,540.99;7,465,830,000
Nov 13, 2007;2,613.37;2,698.35;2,583.26;2,593.38;2,593.38;12,076,210,000
Nov 06, 2007;2,809.81;2,825.47;2,583.00;2,584.13;2,584.13;14,211,680,000
Oct 30, 2007;2,807.32;2,861.51;2,771.91;2,795.18;2,795.18;11,703,510,000
Oct 23, 2007;2,775.52;2,825.37;2,720.30;2,817.44;2,817.44;12,427,220,000
Oct 16, 2007;2,770.03;2,803.96;2,698.14;2,753.93;2,753.93;10,741,970,000
Oct 09, 2007;2,793.95;2,834.00;2,757.76;2,780.05;2,780.05;10,215,350,000
Oct 02, 2007;2,740.65;2,787.37;2,718.05;2,787.37;2,787.37;8,796,540,000
Sep 25, 2007;2,658.53;2,743.53;2,656.33;2,740.99;2,740.99;9,483,940,000
Sep 18, 2007;2,592.96;2,692.16;2,583.14;2,667.95;2,667.95;10,136,140,000
Sep 11, 2007;2,573.28;2,612.70;2,572.86;2,581.66;2,581.66;8,293,170,000
Sep 04, 2007;2,596.38;2,644.45;2,536.93;2,559.11;2,559.11;9,258,080,000
Aug 28, 2007;2,546.39;2,603.11;2,500.55;2,596.36;2,596.36;6,454,070,000
Aug 21, 2007;2,502.31;2,576.69;2,500.66;2,561.25;2,561.25;8,025,910,000
Aug 14, 2007;2,549.26;2,552.49;2,386.69;2,508.59;2,508.59;11,759,130,000
Aug 07, 2007;2,532.78;2,627.75;2,503.16;2,542.24;2,542.24;15,197,690,000
Jul 31, 2007;2,606.32;2,607.45;2,491.96;2,547.33;2,547.33;13,478,360,000
Jul 24, 2007;2,673.70;2,682.40;2,552.31;2,583.28;2,583.28;13,334,660,000
Jul 17, 2007;2,702.10;2,724.74;2,674.26;2,690.58;2,690.58;10,963,570,000
Jul 10, 2007;2,657.87;2,712.13;2,631.89;2,697.33;2,697.33;9,890,200,000
Jul 03, 2007;2,636.71;2,672.59;2,635.00;2,670.02;2,670.02;6,275,960,000
Jun 26, 2007;2,589.22;2,632.30;2,560.45;2,632.30;2,632.30;10,066,260,000
Jun 19, 2007;2,620.31;2,634.60;2,568.50;2,577.08;2,577.08;12,507,140,000
Jun 12, 2007;2,560.41;2,631.45;2,547.99;2,626.60;2,626.60;10,207,910,000
Jun 05, 2007;2,611.16;2,613.31;2,534.97;2,572.15;2,572.15;10,585,590,000
May 29, 2007;2,561.04;2,626.40;2,551.68;2,618.29;2,618.29;9,734,250,000
May 22, 2007;2,580.04;2,600.94;2,531.28;2,557.19;2,557.19;7,865,560,000
May 15, 2007;2,544.67;2,587.87;2,519.35;2,578.79;2,578.79;10,144,850,000
May 08, 2007;2,563.18;2,579.98;2,533.12;2,546.44;2,546.44;9,906,580,000
May 01, 2007;2,529.95;2,580.06;2,510.57;2,570.95;2,570.95;10,428,470,000
Apr 24, 2007;2,528.39;2,562.99;2,509.26;2,525.09;2,525.09;11,429,690,000
Apr 17, 2007;2,519.12;2,532.24;2,490.34;2,523.67;2,523.67;10,073,400,000
Apr 10, 2007;2,468.13;2,519.03;2,448.71;2,518.33;2,518.33;9,311,730,000
Apr 03, 2007;2,432.30;2,478.68;2,432.30;2,469.18;2,469.18;7,118,010,000
Mar 27, 2007;2,448.92;2,450.03;2,396.83;2,422.26;2,422.26;9,285,160,000
Mar 20, 2007;2,394.82;2,459.96;2,393.19;2,455.63;2,455.63;9,260,310,000
Mar 13, 2007;2,388.86;2,399.80;2,331.57;2,394.41;2,394.41;9,863,680,000
Mar 06, 2007;2,363.15;2,404.80;2,361.27;2,402.29;2,402.29;9,583,700,000
Feb 27, 2007;2,468.74;2,470.92;2,340.40;2,340.68;2,340.68;13,013,050,000
Feb 20, 2007;2,491.75;2,531.42;2,479.92;2,504.52;2,504.52;9,953,700,000
Feb 13, 2007;2,455.25;2,498.37;2,452.17;2,496.31;2,496.31;7,832,070,000
Feb 06, 2007;2,475.78;2,496.52;2,444.68;2,450.38;2,450.38;10,334,840,000
Jan 30, 2007;2,446.66;2,481.57;2,433.76;2,470.60;2,470.60;9,878,430,000
Jan 23, 2007;2,428.26;2,470.51;2,418.61;2,441.09;2,441.09;10,387,900,000
Jan 16, 2007;2,504.56;2,508.93;2,422.92;2,431.07;2,431.07;10,808,360,000
Jan 09, 2007;2,443.26;2,502.82;2,423.56;2,502.82;2,502.82;9,030,450,000
Jan 02, 2007;2,429.72;2,460.51;2,394.66;2,438.20;2,438.20;8,505,470,000
Dec 26, 2006;2,398.22;2,437.38;2,397.68;2,415.29;2,415.29;4,883,910,000
Dec 19, 2006;2,420.08;2,443.34;2,400.72;2,401.18;2,401.18;6,749,660,000
Dec 12, 2006;2,443.03;2,470.95;2,419.32;2,435.57;2,435.57;9,860,480,000
Dec 05, 2006;2,455.70;2,459.51;2,416.77;2,442.86;2,442.86;9,584,570,000
Nov 28, 2006;2,397.32;2,455.67;2,390.10;2,448.39;2,448.39;9,991,310,000
Nov 21, 2006;2,454.65;2,468.42;2,405.89;2,405.92;2,405.92;5,865,200,000
Nov 14, 2006;2,408.05;2,457.14;2,394.62;2,452.72;2,452.72;9,498,950,000
Nov 07, 2006;2,366.01;2,408.91;2,358.44;2,406.38;2,406.38;9,946,300,000
Oct 31, 2006;2,368.75;2,375.53;2,316.82;2,365.95;2,365.95;9,558,780,000
Oct 24, 2006;2,352.49;2,379.29;2,335.91;2,363.77;2,363.77;10,290,330,000
Oct 17, 2006;2,354.07;2,364.20;2,324.43;2,355.56;2,355.56;10,002,940,000
Oct 10, 2006;2,314.12;2,368.11;2,292.29;2,363.84;2,363.84;9,524,070,000
Oct 03, 2006;2,233.01;2,317.42;2,224.21;2,311.77;2,311.77;9,205,920,000
Sep 26, 2006;2,247.72;2,273.30;2,235.68;2,237.60;2,237.60;9,436,790,000
Sep 19, 2006;2,239.86;2,261.47;2,202.93;2,249.07;2,249.07;9,718,370,000
Sep 12, 2006;2,174.61;2,247.47;2,174.61;2,235.75;2,235.75;10,065,190,000
Sep 05, 2006;2,192.94;2,207.55;2,147.44;2,173.25;2,173.25;8,528,230,000
Aug 29, 2006;2,161.96;2,198.58;2,145.22;2,193.16;2,193.16;6,226,770,000
Aug 22, 2006;2,145.31;2,164.22;2,122.65;2,160.70;2,160.70;7,033,850,000
Aug 15, 2006;2,092.49;2,168.11;2,089.60;2,147.75;2,147.75;9,147,230,000
Aug 08, 2006;2,079.52;2,097.76;2,048.22;2,069.04;2,069.04;8,597,470,000
Aug 01, 2006;2,080.34;2,119.01;2,052.75;2,072.50;2,072.50;8,497,800,000
Jul 25, 2006;2,060.38;2,098.24;2,052.02;2,091.47;2,091.47;9,492,680,000
Jul 18, 2006;2,043.18;2,086.07;2,012.78;2,061.84;2,061.84;10,575,830,000
Jul 11, 2006;2,110.42;2,129.47;2,027.11;2,037.72;2,037.72;9,054,900,000
Jul 04, 2006;2,174.69;2,190.43;2,109.18;2,116.93;2,116.93;6,493,720,000
Jun 27, 2006;2,134.58;2,190.44;2,090.78;2,190.43;2,190.43;8,791,910,000
Jun 20, 2006;2,110.92;2,152.56;2,103.77;2,133.67;2,133.67;8,079,100,000
Jun 13, 2006;2,089.88;2,147.91;2,065.11;2,110.42;2,110.42;10,995,860,000
Jun 06, 2006;2,174.28;2,184.44;2,091.32;2,091.32;2,091.32;10,593,970,000
May 30, 2006;2,202.57;2,233.88;2,164.74;2,169.62;2,169.62;9,583,090,000
May 23, 2006;2,188.38;2,210.49;2,135.81;2,210.37;2,210.37;8,298,430,000
May 16, 2006;2,239.00;2,243.74;2,156.67;2,172.86;2,172.86;11,141,400,000
May 09, 2006;2,339.71;2,343.62;2,220.50;2,238.52;2,238.52;10,602,480,000
May 02, 2006;2,311.73;2,352.56;2,295.03;2,344.99;2,344.99;9,967,630,000
Apr 25, 2006;2,338.54;2,361.89;2,300.25;2,304.79;2,304.79;11,537,450,000
Apr 18, 2006;2,318.27;2,375.54;2,318.27;2,333.38;2,333.38;10,789,820,000
Apr 11, 2006;2,337.88;2,339.79;2,299.42;2,311.16;2,311.16;6,928,440,000
Apr 04, 2006;2,337.95;2,375.45;2,326.47;2,333.27;2,333.27;10,094,930,000
Mar 28, 2006;2,315.61;2,357.53;2,299.56;2,336.74;2,336.74;10,338,200,000
Mar 21, 2006;2,312.90;2,332.95;2,282.38;2,315.58;2,315.58;10,218,660,000
Mar 14, 2006;2,264.25;2,323.79;2,264.24;2,314.11;2,314.11;10,830,450,000
Mar 07, 2006;2,280.08;2,280.20;2,239.54;2,267.03;2,267.03;9,352,160,000
Feb 28, 2006;2,300.96;2,324.92;2,276.74;2,286.03;2,286.03;10,901,400,000
Feb 21, 2006;2,283.52;2,313.53;2,256.75;2,307.18;2,307.18;8,623,890,000
Feb 14, 2006;2,243.54;2,294.63;2,237.47;2,282.36;2,282.36;7,477,460,000
Feb 07, 2006;2,255.94;2,284.52;2,232.68;2,239.81;2,239.81;10,299,990,000
Jan 31, 2006;2,305.82;2,311.83;2,249.75;2,258.80;2,258.80;10,817,890,000
Jan 24, 2006;2,256.13;2,314.36;2,253.06;2,306.78;2,306.78;10,892,930,000
Jan 17, 2006;2,302.56;2,311.71;2,241.02;2,248.47;2,248.47;10,537,930,000
Jan 10, 2006;2,306.22;2,332.92;2,303.93;2,317.04;2,317.04;8,154,630,000
Jan 03, 2006;2,216.53;2,322.63;2,189.91;2,318.69;2,318.69;9,960,390,000
Dec 27, 2005;2,253.05;2,259.68;2,200.51;2,205.32;2,205.32;4,941,440,000
Dec 20, 2005;2,223.56;2,254.71;2,213.52;2,249.42;2,249.42;5,810,200,000
Dec 13, 2005;2,256.60;2,271.85;2,221.79;2,222.74;2,222.74;9,394,830,000
Dec 06, 2005;2,267.76;2,278.16;2,233.74;2,260.95;2,260.95;8,767,940,000
Nov 29, 2005;2,247.70;2,273.61;2,230.19;2,257.64;2,257.64;9,058,470,000
Nov 22, 2005;2,235.30;2,269.30;2,232.74;2,239.37;2,239.37;5,637,070,000
Nov 15, 2005;2,199.39;2,242.30;2,176.54;2,241.67;2,241.67;8,872,170,000
Nov 08, 2005;2,172.37;2,206.88;2,162.65;2,200.95;2,200.95;7,971,840,000
Nov 01, 2005;2,109.89;2,182.09;2,108.86;2,178.24;2,178.24;9,743,500,000
Oct 25, 2005;2,109.55;2,125.73;2,063.81;2,120.30;2,120.30;8,906,040,000
Oct 18, 2005;2,069.32;2,115.88;2,042.03;2,115.83;2,115.83;8,474,130,000
Oct 11, 2005;2,084.38;2,085.61;2,025.58;2,070.30;2,070.30;8,465,760,000
Oct 04, 2005;2,156.26;2,167.00;2,069.04;2,078.92;2,078.92;8,860,550,000
Sep 27, 2005;2,123.65;2,162.79;2,107.70;2,155.43;2,155.43;8,569,420,000
Sep 20, 2005;2,149.44;2,162.14;2,093.06;2,121.46;2,121.46;8,417,500,000
Sep 13, 2005;2,177.95;2,185.89;2,139.89;2,145.26;2,145.26;9,040,650,000
Sep 06, 2005;2,147.31;2,186.83;2,147.31;2,182.83;2,182.83;7,803,160,000
Aug 30, 2005;2,130.88;2,157.32;2,118.27;2,141.07;2,141.07;5,821,950,000
Aug 23, 2005;2,142.29;2,156.13;2,112.25;2,137.65;2,137.65;6,897,120,000
Aug 16, 2005;2,160.97;2,161.46;2,129.46;2,141.41;2,141.41;7,007,030,000
Aug 09, 2005;2,170.44;2,185.91;2,144.60;2,167.04;2,167.04;7,792,110,000
Aug 02, 2005;2,197.79;2,219.91;2,163.50;2,164.39;2,164.39;7,981,590,000
Jul 26, 2005;2,170.60;2,201.87;2,167.09;2,195.38;2,195.38;8,192,410,000
Jul 19, 2005;2,156.77;2,193.19;2,154.36;2,166.74;2,166.74;8,808,000,000
Jul 12, 2005;2,132.51;2,164.18;2,128.82;2,144.87;2,144.87;7,912,060,000
Jul 05, 2005;2,052.10;2,135.69;2,050.30;2,135.43;2,135.43;8,106,320,000
Jun 28, 2005;2,051.77;2,076.16;2,050.98;2,057.37;2,057.37;6,132,260,000
Jun 21, 2005;2,087.63;2,106.57;2,039.69;2,045.20;2,045.20;8,834,700,000
Jun 14, 2005;2,068.04;2,098.53;2,053.39;2,088.13;2,088.13;8,272,930,000
Jun 07, 2005;2,079.06;2,095.96;2,052.96;2,068.96;2,068.96;7,997,250,000
May 31, 2005;2,073.92;2,097.80;2,065.02;2,075.76;2,075.76;8,220,120,000
May 24, 2005;2,052.28;2,076.80;2,041.95;2,075.73;2,075.73;6,022,750,000
May 17, 2005;1,986.16;2,062.95;1,980.94;2,056.65;2,056.65;8,291,820,000
May 10, 2005;1,968.08;1,994.47;1,943.89;1,994.43;1,994.43;8,364,380,000
May 03, 2005;1,924.78;1,979.67;1,924.78;1,979.67;1,979.67;8,417,970,000
Apr 26, 2005;1,943.75;1,958.58;1,889.83;1,928.65;1,928.65;8,882,890,000
Apr 19, 2005;1,922.82;1,962.41;1,912.35;1,950.78;1,950.78;8,994,420,000
Apr 12, 2005;1,988.33;2,007.24;1,904.27;1,912.92;1,912.92;9,722,360,000
Apr 05, 2005;1,994.38;2,021.82;1,991.21;1,992.12;1,992.12;8,007,010,000
Mar 29, 2005;1,990.27;2,014.73;1,968.58;1,991.07;1,991.07;8,697,420,000
Mar 22, 2005;2,007.72;2,017.66;1,985.22;1,992.52;1,992.52;6,732,650,000
Mar 15, 2005;2,057.17;2,059.07;1,993.76;2,007.51;2,007.51;9,271,580,000
Mar 08, 2005;2,087.11;2,095.74;2,036.41;2,051.04;2,051.04;8,917,820,000
Mar 01, 2005;2,057.47;2,100.57;2,047.92;2,090.21;2,090.21;9,619,910,000
Feb 22, 2005;2,046.18;2,066.53;2,023.00;2,051.72;2,051.72;9,867,890,000
Feb 15, 2005;2,083.64;2,103.45;2,056.20;2,058.62;2,058.62;7,501,280,000
Feb 08, 2005;2,082.11;2,095.64;2,039.72;2,082.91;2,082.91;9,791,140,000
Feb 01, 2005;2,063.27;2,091.17;2,049.25;2,082.03;2,082.03;9,472,840,000
Jan 25, 2005;2,022.08;2,063.18;2,017.58;2,062.41;2,062.41;10,136,870,000
Jan 18, 2005;2,081.86;2,106.19;2,008.68;2,008.70;2,008.70;10,611,350,000
Jan 11, 2005;2,089.07;2,094.80;2,066.79;2,087.91;2,087.91;8,664,380,000
Jan 04, 2005;2,158.31;2,159.64;2,076.69;2,097.04;2,097.04;11,530,240,000
Dec 28, 2004;2,156.75;2,191.60;2,148.72;2,152.15;2,152.15;8,054,160,000
Dec 21, 2004;2,134.75;2,171.94;2,133.34;2,154.22;2,154.22;6,685,090,000
Dec 14, 2004;2,145.05;2,171.27;2,124.22;2,127.85;2,127.85;11,377,020,000
Dec 07, 2004;2,154.13;2,161.30;2,097.86;2,148.50;2,148.50;11,212,350,000
Nov 30, 2004;2,104.67;2,164.63;2,096.81;2,151.25;2,151.25;11,123,190,000
Nov 23, 2004;2,082.47;2,117.89;2,068.98;2,106.87;2,106.87;6,207,880,000
Nov 16, 2004;2,087.07;2,112.18;2,052.80;2,085.19;2,085.19;9,971,550,000
Nov 09, 2004;2,039.03;2,094.13;2,032.37;2,094.09;2,094.09;9,202,990,000
Nov 02, 2004;1,981.47;2,046.92;1,978.64;2,039.25;2,039.25;9,144,210,000
Oct 26, 2004;1,915.15;1,984.18;1,905.49;1,979.87;1,979.87;8,873,060,000
Oct 19, 2004;1,944.41;1,957.48;1,905.91;1,914.04;1,914.04;8,711,590,000
Oct 12, 2004;1,913.70;1,948.01;1,899.33;1,936.52;1,936.52;8,028,080,000
Oct 05, 2004;1,950.23;1,971.04;1,917.72;1,928.76;1,928.76;8,210,200,000
Sep 28, 2004;1,865.88;1,965.76;1,852.59;1,952.40;1,952.40;8,506,150,000
Sep 21, 2004;1,913.13;1,925.85;1,858.88;1,859.88;1,859.88;7,193,540,000
Sep 14, 2004;1,909.20;1,921.50;1,892.08;1,908.07;1,908.07;7,616,170,000
Sep 07, 2004;1,856.00;1,919.21;1,847.48;1,910.38;1,910.38;7,774,760,000
Aug 31, 2004;1,837.54;1,876.24;1,819.62;1,844.48;1,844.48;5,178,640,000
Aug 24, 2004;1,846.93;1,866.25;1,828.51;1,836.49;1,836.49;5,824,270,000
Aug 17, 2004;1,792.26;1,848.12;1,784.60;1,838.70;1,838.70;6,949,370,000
Aug 10, 2004;1,782.30;1,808.70;1,750.82;1,782.84;1,782.84;7,532,860,000
Aug 03, 2004;1,887.14;1,887.57;1,774.48;1,774.64;1,774.64;7,684,280,000
Jul 27, 2004;1,844.28;1,896.31;1,832.12;1,892.09;1,892.09;8,361,420,000
Jul 20, 2004;1,886.69;1,933.03;1,829.06;1,839.02;1,839.02;9,067,530,000
Jul 13, 2004;1,940.31;1,945.17;1,870.14;1,883.83;1,883.83;8,505,420,000
Jul 06, 2004;1,994.70;1,995.40;1,921.40;1,936.92;1,936.92;8,371,760,000
Jun 29, 2004;2,017.35;2,055.65;1,996.61;2,006.66;2,006.66;6,275,230,000
Jun 22, 2004;1,975.51;2,039.93;1,964.53;2,019.82;2,019.82;8,733,320,000
Jun 15, 2004;1,982.41;2,006.58;1,972.43;1,974.38;1,974.38;7,391,100,000
Jun 08, 2004;2,010.72;2,023.54;1,963.48;1,969.99;1,969.99;5,733,260,000
Jun 01, 2004;1,978.52;2,020.62;1,960.26;2,020.62;2,020.62;7,408,720,000
May 25, 2004;1,920.94;1,991.87;1,913.73;1,986.74;1,986.74;6,236,080,000
May 18, 2004;1,892.29;1,936.04;1,890.18;1,922.98;1,922.98;7,609,660,000
May 11, 2004;1,909.50;1,937.87;1,865.40;1,876.64;1,876.64;8,146,870,000
May 04, 2004;1,942.37;1,969.97;1,880.32;1,896.07;1,896.07;8,727,680,000
Apr 27, 2004;2,040.53;2,053.57;1,919.39;1,938.72;1,938.72;10,487,320,000
Apr 20, 2004;2,022.62;2,059.08;1,973.25;2,036.77;2,036.77;9,778,560,000
Apr 13, 2004;2,072.95;2,073.42;1,982.14;2,020.43;2,020.43;9,284,700,000
Apr 06, 2004;2,064.13;2,075.33;2,038.74;2,065.48;2,065.48;6,781,560,000
Mar 30, 2004;1,985.67;2,079.12;1,981.44;2,079.12;2,079.12;9,213,480,000
Mar 23, 2004;1,923.23;1,996.23;1,896.91;1,992.57;1,992.57;8,929,060,000
Mar 16, 2004;1,952.78;1,980.31;1,897.63;1,909.90;1,909.90;8,948,090,000
Mar 09, 2004;2,008.75;2,011.83;1,939.20;1,939.20;1,939.20;9,887,060,000
Mar 02, 2004;2,056.38;2,069.02;2,008.78;2,008.78;2,008.78;9,575,360,000
Feb 24, 2004;2,000.75;2,057.80;1,991.05;2,057.80;2,057.80;9,099,100,000
Feb 17, 2004;2,068.42;2,094.92;1,999.59;2,007.52;2,007.52;9,332,500,000
Feb 10, 2004;2,061.10;2,091.22;2,049.76;2,053.56;2,053.56;7,598,170,000
Feb 03, 2004;2,061.28;2,074.27;2,012.79;2,060.57;2,060.57;9,669,310,000
Jan 27, 2004;2,148.05;2,152.75;2,041.07;2,063.15;2,063.15;10,955,430,000
Jan 20, 2004;2,149.03;2,153.83;2,108.45;2,153.83;2,153.83;11,549,380,000
Jan 13, 2004;2,113.11;2,140.47;2,080.29;2,140.46;2,140.46;9,335,650,000
Jan 06, 2004;2,044.55;2,113.33;2,039.63;2,111.78;2,111.78;12,018,220,000
Dec 30, 2003;2,003.98;2,047.36;1,996.62;2,047.36;2,047.36;7,349,670,000
Dec 23, 2003;1,954.03;2,006.48;1,952.44;2,006.48;2,006.48;3,907,650,000
Dec 16, 2003;1,918.06;1,963.28;1,901.66;1,955.80;1,955.80;8,155,010,000
Dec 09, 2003;1,955.50;1,979.78;1,887.46;1,918.26;1,918.26;8,839,990,000
Dec 02, 2003;1,986.80;2,000.92;1,926.94;1,948.85;1,948.85;9,408,230,000
Nov 25, 2003;1,948.36;1,989.82;1,930.63;1,989.82;1,989.82;5,904,960,000
Nov 18, 2003;1,919.45;1,947.14;1,878.07;1,947.14;1,947.14;8,908,430,000
Nov 11, 2003;1,938.85;1,977.79;1,890.72;1,909.61;1,909.61;9,037,690,000
Nov 04, 2003;1,961.45;1,992.27;1,938.22;1,941.64;1,941.64;9,949,440,000
Oct 28, 2003;1,893.28;1,969.26;1,892.43;1,967.70;1,967.70;10,125,850,000
Oct 21, 2003;1,929.31;1,944.34;1,841.62;1,882.91;1,882.91;8,860,010,000
Oct 14, 2003;1,929.52;1,966.87;1,905.39;1,925.14;1,925.14;8,824,890,000
Oct 07, 2003;1,882.92;1,940.97;1,878.59;1,933.53;1,933.53;8,689,330,000
Sep 30, 2003;1,812.81;1,894.22;1,783.46;1,893.46;1,893.46;8,680,460,000
Sep 23, 2003;1,877.44;1,904.13;1,786.57;1,824.56;1,824.56;9,618,290,000
Sep 16, 2003;1,848.41;1,913.74;1,848.41;1,874.62;1,874.62;9,308,660,000
Sep 09, 2003;1,883.00;1,886.27;1,819.42;1,845.70;1,845.70;9,147,530,000
Sep 02, 2003;1,817.92;1,888.65;1,804.30;1,888.62;1,888.62;9,978,460,000
Aug 26, 2003;1,756.08;1,813.82;1,737.15;1,810.45;1,810.45;5,405,280,000
Aug 19, 2003;1,747.00;1,812.49;1,737.37;1,764.31;1,764.31;7,776,660,000
Aug 12, 2003;1,666.61;1,739.59;1,660.66;1,739.49;1,739.49;6,270,870,000
Aug 05, 2003;1,710.69;1,711.11;1,640.88;1,661.51;1,661.51;7,783,800,000
Jul 29, 2003;1,740.27;1,757.37;1,687.77;1,714.06;1,714.06;8,133,480,000
Jul 22, 2003;1,695.02;1,740.80;1,685.89;1,735.36;1,735.36;8,609,740,000
Jul 15, 2003;1,769.95;1,771.78;1,675.18;1,681.41;1,681.41;8,811,070,000
Jul 08, 2003;1,715.99;1,776.10;1,707.49;1,754.82;1,754.82;9,355,970,000
Jul 01, 2003;1,617.30;1,721.25;1,598.92;1,720.71;1,720.71;6,359,760,000
Jun 24, 2003;1,605.69;1,653.74;1,598.25;1,622.80;1,622.80;8,090,750,000
Jun 17, 2003;1,673.10;1,686.10;1,601.45;1,610.75;1,610.75;9,470,480,000
Jun 10, 2003;1,611.17;1,667.77;1,606.08;1,666.58;1,666.58;9,240,250,000
Jun 03, 2003;1,589.72;1,684.06;1,584.70;1,603.97;1,603.97;11,851,980,000
May 27, 2003;1,504.87;1,620.79;1,504.22;1,590.75;1,590.75;11,036,100,000
May 20, 2003;1,498.05;1,514.49;1,478.15;1,510.09;1,510.09;6,521,350,000
May 13, 2003;1,533.14;1,552.98;1,492.46;1,492.77;1,492.77;9,122,810,000
May 06, 2003;1,503.42;1,544.41;1,486.91;1,541.40;1,541.40;9,028,570,000
Apr 29, 2003;1,468.03;1,519.70;1,451.32;1,504.04;1,504.04;8,521,840,000
Apr 22, 2003;1,417.00;1,468.08;1,414.40;1,462.24;1,462.24;8,087,350,000
Apr 15, 2003;1,381.67;1,432.08;1,376.03;1,424.37;1,424.37;5,762,670,000
Apr 08, 2003;1,388.53;1,393.37;1,351.10;1,384.95;1,384.95;6,271,390,000
Apr 01, 2003;1,347.54;1,430.11;1,338.23;1,389.51;1,389.51;7,350,190,000
Mar 25, 2003;1,374.21;1,400.14;1,336.61;1,341.17;1,341.17;7,258,220,000
Mar 18, 2003;1,392.00;1,425.73;1,368.37;1,369.78;1,369.78;8,152,560,000
Mar 11, 2003;1,280.73;1,392.41;1,253.22;1,392.27;1,392.27;8,071,980,000
Mar 04, 2003;1,320.28;1,321.89;1,277.18;1,278.37;1,278.37;6,400,740,000
Feb 25, 2003;1,307.39;1,353.31;1,291.96;1,320.29;1,320.29;6,449,020,000
Feb 18, 2003;1,319.99;1,352.07;1,316.04;1,322.38;1,322.38;6,368,960,000
Feb 11, 2003;1,301.54;1,315.04;1,261.79;1,310.17;1,310.17;5,153,110,000
Feb 04, 2003;1,310.48;1,332.82;1,275.19;1,296.68;1,296.68;6,399,890,000
Jan 28, 2003;1,335.43;1,363.31;1,303.64;1,323.79;1,323.79;7,171,740,000
Jan 21, 2003;1,380.43;1,393.67;1,320.32;1,325.27;1,325.27;7,408,090,000
Jan 14, 2003;1,445.07;1,463.99;1,376.18;1,376.19;1,376.19;5,642,810,000
Jan 07, 2003;1,424.26;1,467.35;1,399.06;1,446.04;1,446.04;7,927,120,000
Dec 31, 2002;1,336.83;1,428.65;1,327.19;1,421.32;1,421.32;5,171,590,000
Dec 24, 2002;1,375.96;1,392.58;1,329.64;1,339.54;1,339.54;3,217,730,000
Dec 17, 2002;1,396.33;1,408.16;1,346.18;1,381.69;1,381.69;7,706,070,000
Dec 10, 2002;1,374.56;1,411.69;1,362.42;1,400.33;1,400.33;7,079,970,000
Dec 03, 2002;1,474.69;1,474.69;1,367.07;1,367.14;1,367.14;8,026,540,000
Nov 26, 2002;1,473.23;1,521.44;1,441.12;1,484.78;1,484.78;6,429,530,000
Nov 19, 2002;1,387.11;1,486.94;1,367.76;1,481.90;1,481.90;9,745,990,000
Nov 12, 2002;1,328.08;1,425.42;1,328.08;1,393.69;1,393.69;8,684,430,000
Nov 05, 2002;1,386.87;1,419.04;1,319.07;1,319.19;1,319.19;8,523,900,000
Oct 29, 2002;1,313.14;1,420.03;1,279.19;1,396.54;1,396.54;9,250,970,000
Oct 22, 2002;1,285.54;1,346.21;1,279.46;1,315.83;1,315.83;8,371,950,000
Oct 15, 2002;1,259.87;1,312.53;1,229.06;1,309.67;1,309.67;8,656,540,000
Oct 08, 2002;1,129.82;1,221.60;1,108.49;1,220.53;1,220.53;8,550,290,000
Oct 01, 2002;1,180.26;1,222.72;1,113.36;1,119.40;1,119.40;8,115,760,000
Sep 24, 2002;1,170.95;1,239.62;1,160.07;1,172.06;1,172.06;8,149,180,000
Sep 17, 2002;1,292.91;1,298.50;1,177.41;1,184.93;1,184.93;7,831,740,000
Sep 10, 2002;1,306.13;1,347.27;1,267.69;1,275.88;1,275.88;6,072,780,000
Sep 03, 2002;1,302.67;1,310.33;1,251.00;1,304.60;1,304.60;6,975,980,000
Aug 27, 2002;1,395.04;1,396.40;1,295.79;1,314.85;1,314.85;5,308,870,000
Aug 20, 2002;1,384.47;1,426.76;1,360.43;1,391.74;1,391.74;7,186,090,000
Aug 13, 2002;1,300.73;1,397.06;1,265.19;1,394.54;1,394.54;7,721,470,000
Aug 06, 2002;1,224.80;1,322.07;1,224.80;1,306.84;1,306.84;6,968,960,000
Jul 30, 2002;1,322.99;1,354.48;1,205.68;1,206.01;1,206.01;7,666,940,000
Jul 23, 2002;1,287.59;1,335.25;1,192.42;1,335.25;1,335.25;10,395,600,000
Jul 16, 2002;1,371.91;1,426.28;1,272.46;1,282.65;1,282.65;10,971,220,000
Jul 09, 2002;1,405.37;1,415.31;1,315.30;1,382.62;1,382.62;9,975,910,000
Jul 02, 2002;1,395.37;1,452.56;1,336.06;1,405.61;1,405.61;8,212,720,000
Jun 25, 2002;1,472.19;1,486.25;1,375.53;1,403.80;1,403.80;10,780,900,000
Jun 18, 2002;1,544.19;1,567.99;1,414.69;1,460.34;1,460.34;9,039,440,000
Jun 11, 2002;1,542.16;1,555.07;1,445.44;1,553.29;1,553.29;8,740,840,000
Jun 04, 2002;1,559.25;1,595.42;1,495.81;1,530.69;1,530.69;8,774,580,000
May 28, 2002;1,670.35;1,671.35;1,561.17;1,562.56;1,562.56;7,629,550,000
May 21, 2002;1,708.57;1,717.93;1,643.96;1,661.49;1,661.49;6,369,070,000
May 14, 2002;1,694.15;1,759.33;1,691.42;1,701.59;1,701.59;9,592,090,000
May 07, 2002;1,589.58;1,696.35;1,560.29;1,652.54;1,652.54;9,818,740,000
Apr 30, 2002;1,655.02;1,697.03;1,577.93;1,578.48;1,578.48;10,108,090,000
Apr 23, 2002;1,757.92;1,762.94;1,640.97;1,656.93;1,656.93;9,589,230,000
Apr 16, 2002;1,779.29;1,832.01;1,747.65;1,758.68;1,758.68;8,973,450,000
Apr 09, 2002;1,789.14;1,795.62;1,724.15;1,753.78;1,753.78;8,195,030,000
Apr 02, 2002;1,836.03;1,839.37;1,733.84;1,785.87;1,785.87;8,244,400,000
Mar 26, 2002;1,808.87;1,865.37;1,807.47;1,862.62;1,862.62;6,506,090,000
Mar 19, 2002;1,881.13;1,891.51;1,812.42;1,812.49;1,812.49;7,612,120,000
Mar 12, 2002;1,888.68;1,899.01;1,845.93;1,877.06;1,877.06;8,152,510,000
Mar 05, 2002;1,854.71;1,946.23;1,841.31;1,929.49;1,929.49;9,703,290,000
Feb 26, 2002;1,777.54;1,859.72;1,728.65;1,859.32;1,859.32;9,629,750,000
Feb 19, 2002;1,790.94;1,791.01;1,696.55;1,769.88;1,769.88;9,007,320,000
Feb 12, 2002;1,829.53;1,877.74;1,801.67;1,805.20;1,805.20;6,526,550,000
Feb 05, 2002;1,844.62;1,867.94;1,772.15;1,846.66;1,846.66;9,570,190,000
Jan 29, 2002;1,947.09;1,959.05;1,849.13;1,855.53;1,855.53;9,234,910,000
Jan 22, 2002;1,946.87;1,959.93;1,879.24;1,943.91;1,943.91;8,733,600,000
Jan 15, 2002;1,994.88;2,011.25;1,922.70;1,930.34;1,930.34;7,178,540,000
Jan 08, 2002;2,039.42;2,098.88;1,979.94;1,990.74;1,990.74;9,383,940,000
Jan 01, 2002;1,965.18;2,081.09;1,936.56;2,037.10;2,037.10;8,054,020,000