Date;Open;High;Low;Close*;Adj Close**;Volume
Dec 27, 2011;1,265.02;1,269.37;1,248.64;1,257.60;1,257.60;9,030,550,000
Dec 20, 2011;1,205.72;1,265.42;1,205.72;1,265.33;1,265.33;12,740,690,000
Dec 13, 2011;1,236.83;1,249.86;1,202.37;1,205.35;1,205.35;21,235,820,000
Dec 06, 2011;1,257.19;1,267.06;1,227.25;1,236.47;1,236.47;19,624,320,000
Nov 29, 2011;1,192.56;1,266.73;1,191.80;1,257.08;1,257.08;21,905,610,000
Nov 22, 2011;1,192.98;1,197.35;1,158.66;1,192.55;1,192.55;13,295,600,000
Nov 15, 2011;1,251.70;1,264.25;1,183.16;1,192.98;1,192.98;20,158,440,000
Nov 08, 2011;1,261.12;1,277.55;1,226.64;1,251.78;1,251.78;19,160,850,000
Nov 01, 2011;1,251.00;1,263.21;1,215.42;1,261.12;1,261.12;21,865,600,000
Oct 25, 2011;1,254.19;1,292.66;1,221.06;1,253.30;1,253.30;24,562,010,000
Oct 18, 2011;1,200.75;1,256.55;1,191.48;1,254.19;1,254.19;23,847,000,000
Oct 11, 2011;1,194.60;1,224.61;1,187.30;1,200.86;1,200.86;22,633,520,000
Oct 04, 2011;1,097.42;1,194.91;1,074.77;1,194.89;1,194.89;21,350,800,000
Sep 27, 2011;1,163.32;1,195.86;1,098.92;1,099.23;1,099.23;25,708,920,000
Sep 20, 2011;1,204.50;1,220.39;1,114.22;1,162.95;1,162.95;26,150,060,000
Sep 13, 2011;1,162.59;1,220.06;1,157.44;1,204.09;1,204.09;23,650,920,000
Sep 06, 2011;1,173.97;1,204.40;1,136.07;1,162.27;1,162.27;23,765,110,000
Aug 30, 2011;1,209.76;1,230.71;1,170.56;1,173.97;1,173.97;19,022,560,000
Aug 23, 2011;1,124.36;1,210.28;1,124.36;1,210.08;1,210.08;25,340,290,000
Aug 16, 2011;1,204.22;1,208.47;1,121.09;1,123.82;1,123.82;23,298,570,000
Aug 09, 2011;1,120.23;1,204.49;1,101.54;1,204.49;1,204.49;20,983,010,000
Aug 02, 2011;1,286.56;1,286.56;1,119.28;1,119.46;1,119.46;23,989,500,000
Jul 26, 2011;1,337.39;1,338.51;1,274.73;1,286.94;1,286.94;22,466,470,000
Jul 19, 2011;1,307.07;1,347.00;1,307.07;1,337.43;1,337.43;19,969,170,000
Jul 12, 2011;1,319.61;1,331.48;1,295.92;1,305.44;1,305.44;21,007,460,000
Jul 05, 2011;1,339.59;1,356.48;1,316.42;1,319.49;1,319.49;18,829,530,000
Jun 28, 2011;1,280.21;1,341.01;1,280.21;1,339.67;1,339.67;16,026,470,000
Jun 21, 2011;1,278.40;1,298.61;1,262.87;1,280.10;1,280.10;19,902,430,000
Jun 14, 2011;1,272.22;1,292.50;1,258.07;1,278.36;1,278.36;19,798,150,000
Jun 07, 2011;1,286.31;1,296.22;1,265.64;1,271.83;1,271.83;19,128,340,000
May 31, 2011;1,331.10;1,345.20;1,284.72;1,286.17;1,286.17;19,760,510,000
May 24, 2011;1,317.70;1,334.62;1,311.80;1,331.10;1,331.10;14,339,950,000
May 17, 2011;1,326.10;1,346.82;1,312.88;1,317.37;1,317.37;18,923,710,000
May 10, 2011;1,348.34;1,359.44;1,327.32;1,329.47;1,329.47;19,120,110,000
May 03, 2011;1,359.76;1,360.84;1,329.17;1,346.29;1,346.29;20,782,720,000
Apr 26, 2011;1,336.75;1,370.58;1,336.75;1,361.22;1,361.22;19,321,770,000
Apr 19, 2011;1,305.99;1,337.55;1,303.97;1,335.25;1,335.25;13,851,950,000
Apr 12, 2011;1,321.96;1,322.88;1,294.70;1,305.14;1,305.14;20,446,460,000
Apr 05, 2011;1,332.03;1,339.46;1,321.06;1,324.46;1,324.46;19,143,400,000
Mar 29, 2011;1,309.37;1,337.85;1,305.26;1,332.87;1,332.87;19,305,900,000
Mar 22, 2011;1,298.29;1,319.74;1,284.05;1,310.19;1,310.19;19,081,550,000
Mar 15, 2011;1,288.46;1,300.58;1,249.05;1,298.38;1,298.38;24,078,580,000
Mar 08, 2011;1,311.05;1,325.74;1,286.37;1,296.39;1,296.39;20,754,730,000
Mar 01, 2011;1,328.64;1,332.28;1,302.58;1,310.13;1,310.13;14,734,360,000
Feb 22, 2011;1,338.91;1,338.91;1,294.26;1,327.22;1,327.22;8,964,900,000
Feb 15, 2011;1,330.43;1,344.07;1,324.61;1,343.01;1,343.01;9,022,070,000
Feb 08, 2011;1,318.76;1,332.96;1,311.74;1,332.32;1,332.32;19,774,720,000
Feb 01, 2011;1,289.14;1,322.85;1,289.14;1,319.05;1,319.05;21,461,970,000
Jan 25, 2011;1,288.17;1,302.67;1,275.10;1,286.12;1,286.12;23,421,340,000
Jan 18, 2011;1,293.22;1,296.06;1,271.26;1,290.84;1,290.84;23,801,810,000
Jan 11, 2011;1,272.58;1,293.24;1,269.62;1,293.24;1,293.24;17,250,120,000
Jan 04, 2011;1,272.95;1,278.17;1,261.70;1,269.75;1,269.75;23,405,000,000
Dec 28, 2010;1,259.10;1,276.17;1,254.19;1,271.87;1,271.87;12,749,990,000
Dec 21, 2010;1,249.43;1,259.39;1,249.43;1,257.54;1,257.54;9,272,750,000
Dec 14, 2010;1,241.84;1,250.20;1,232.85;1,247.08;1,247.08;21,457,120,000
Dec 07, 2010;1,227.25;1,246.73;1,219.50;1,240.46;1,240.46;25,009,280,000
Nov 30, 2010;1,182.96;1,225.80;1,174.14;1,223.12;1,223.12;21,066,760,000
Nov 23, 2010;1,192.51;1,198.62;1,173.64;1,187.76;1,187.76;12,804,590,000
Nov 16, 2010;1,194.79;1,200.29;1,173.00;1,197.84;1,197.84;21,073,310,000
Nov 09, 2010;1,223.59;1,226.84;1,194.08;1,197.75;1,197.75;21,057,450,000
Nov 02, 2010;1,187.86;1,227.08;1,183.56;1,223.25;1,223.25;23,801,840,000
Oct 26, 2010;1,184.88;1,195.81;1,171.70;1,184.38;1,184.38;20,489,870,000
Oct 19, 2010;1,178.64;1,196.14;1,159.71;1,185.62;1,185.62;22,652,740,000
Oct 12, 2010;1,164.28;1,185.53;1,155.71;1,184.71;1,184.71;24,189,950,000
Oct 05, 2010;1,140.68;1,168.68;1,140.68;1,165.32;1,165.32;18,429,870,000
Sep 28, 2010;1,142.31;1,157.16;1,131.87;1,137.03;1,137.03;20,203,300,000
Sep 21, 2010;1,142.82;1,149.92;1,122.79;1,142.16;1,142.16;19,646,390,000
Sep 14, 2010;1,121.16;1,144.86;1,114.63;1,142.71;1,142.71;18,705,190,000
Sep 07, 2010;1,102.60;1,123.87;1,091.15;1,121.90;1,121.90;17,302,000,000
Aug 31, 2010;1,046.88;1,105.10;1,040.88;1,104.51;1,104.51;15,674,360,000
Aug 24, 2010;1,063.20;1,065.21;1,039.70;1,048.92;1,048.92;19,463,680,000
Aug 17, 2010;1,081.16;1,100.14;1,063.91;1,067.36;1,067.36;18,955,530,000
Aug 10, 2010;1,122.92;1,127.16;1,069.49;1,079.38;1,079.38;19,483,610,000
Aug 03, 2010;1,125.34;1,129.24;1,107.17;1,127.79;1,127.79;19,652,480,000
Jul 27, 2010;1,117.36;1,127.30;1,088.01;1,125.86;1,125.86;21,491,130,000
Jul 20, 2010;1,064.53;1,115.01;1,056.88;1,115.01;1,115.01;22,821,580,000
Jul 13, 2010;1,080.65;1,099.46;1,061.11;1,071.25;1,071.25;23,100,830,000
Jul 06, 2010;1,028.09;1,080.78;1,018.35;1,078.75;1,078.75;21,104,480,000
Jun 29, 2010;1,071.10;1,071.10;1,010.91;1,022.58;1,022.58;21,608,050,000
Jun 22, 2010;1,113.90;1,118.50;1,067.89;1,074.57;1,074.57;22,880,610,000
Jun 15, 2010;1,091.21;1,131.23;1,091.21;1,113.20;1,113.20;23,274,570,000
Jun 08, 2010;1,050.81;1,105.91;1,042.17;1,089.63;1,089.63;25,805,840,000
Jun 01, 2010;1,087.30;1,105.67;1,049.86;1,050.47;1,050.47;26,941,950,000
May 25, 2010;1,067.42;1,103.52;1,040.78;1,089.41;1,089.41;22,420,300,000
May 18, 2010;1,138.78;1,148.66;1,055.90;1,073.65;1,073.65;31,941,380,000
May 11, 2010;1,156.39;1,173.57;1,114.96;1,136.94;1,136.94;27,987,970,000
May 04, 2010;1,197.50;1,197.50;1,065.79;1,159.73;1,159.73;40,375,080,000
Apr 27, 2010;1,209.92;1,211.38;1,181.62;1,202.26;1,202.26;30,842,570,000
Apr 20, 2010;1,199.04;1,219.80;1,190.19;1,212.05;1,212.05;28,050,500,000
Apr 13, 2010;1,195.94;1,213.92;1,183.68;1,197.52;1,197.52;31,865,160,000
Apr 06, 2010;1,186.01;1,199.20;1,175.12;1,196.48;1,196.48;23,033,240,000
Mar 30, 2010;1,173.75;1,187.73;1,165.77;1,187.44;1,187.44;16,457,830,000
Mar 23, 2010;1,166.47;1,180.69;1,161.48;1,173.22;1,173.22;23,870,290,000
Mar 16, 2010;1,150.83;1,169.84;1,150.35;1,165.81;1,165.81;23,041,570,000
Mar 09, 2010;1,137.56;1,153.41;1,134.90;1,150.51;1,150.51;24,416,020,000
Mar 02, 2010;1,117.01;1,141.05;1,116.51;1,138.50;1,138.50;19,938,690,000
Feb 23, 2010;1,107.49;1,116.11;1,086.02;1,115.71;1,115.71;21,003,370,000
Feb 16, 2010;1,079.13;1,112.42;1,079.13;1,108.01;1,108.01;19,977,340,000
Feb 09, 2010;1,060.06;1,080.04;1,059.34;1,075.51;1,075.51;17,927,260,000
Feb 02, 2010;1,090.05;1,104.73;1,044.50;1,056.74;1,056.74;25,423,400,000
Jan 26, 2010;1,095.80;1,103.69;1,071.59;1,089.19;1,089.19;24,993,890,000
Jan 19, 2010;1,136.03;1,150.45;1,090.18;1,096.78;1,096.78;27,099,720,000
Jan 12, 2010;1,143.81;1,150.41;1,131.39;1,136.03;1,136.03;17,560,450,000
Jan 05, 2010;1,132.66;1,149.74;1,129.66;1,146.98;1,146.98;21,379,730,000
Dec 29, 2009;1,128.55;1,133.87;1,114.81;1,132.99;1,132.99;10,836,710,000
Dec 22, 2009;1,114.51;1,130.38;1,114.51;1,127.78;1,127.78;10,792,110,000
Dec 15, 2009;1,114.11;1,117.68;1,093.88;1,114.05;1,114.05;27,793,220,000
Dec 08, 2009;1,103.04;1,114.76;1,085.89;1,114.11;1,114.11;21,199,510,000
Dec 01, 2009;1,098.89;1,119.13;1,096.52;1,103.25;1,103.25;22,885,180,000
Nov 24, 2009;1,105.83;1,111.18;1,083.74;1,095.63;1,095.63;12,995,600,000
Nov 17, 2009;1,109.22;1,112.38;1,086.81;1,106.24;1,106.24;19,874,590,000
Nov 10, 2009;1,091.86;1,113.69;1,084.90;1,109.30;1,109.30;21,200,180,000
Nov 03, 2009;1,040.92;1,093.19;1,033.94;1,093.08;1,093.08;24,708,520,000
Oct 27, 2009;1,067.54;1,072.48;1,029.38;1,042.88;1,042.88;30,247,830,000
Oct 20, 2009;1,098.64;1,101.36;1,065.23;1,066.95;1,066.95;27,336,470,000
Oct 13, 2009;1,074.96;1,100.17;1,066.71;1,097.91;1,097.91;24,610,660,000
Oct 06, 2009;1,042.02;1,079.46;1,042.02;1,076.19;1,076.19;21,730,670,000
Sep 29, 2009;1,063.69;1,069.62;1,019.95;1,040.46;1,040.46;26,636,760,000
Sep 22, 2009;1,066.35;1,080.15;1,041.17;1,062.98;1,062.98;24,518,180,000
Sep 15, 2009;1,049.03;1,074.77;1,043.42;1,064.66;1,064.66;29,870,510,000
Sep 08, 2009;1,018.67;1,049.74;1,018.67;1,049.34;1,049.34;25,531,300,000
Sep 01, 2009;1,019.52;1,028.45;991.97;1,016.40;1,016.40;21,426,740,000
Aug 25, 2009;1,026.63;1,039.47;1,014.62;1,020.62;1,020.62;27,425,020,000
Aug 18, 2009;980.62;1,035.82;980.62;1,025.57;1,025.57;25,537,130,000
Aug 11, 2009;1,005.77;1,013.14;978.51;979.73;979.73;25,551,310,000
Aug 04, 2009;1,001.41;1,018.00;992.49;1,007.10;1,007.10;31,942,370,000
Jul 28, 2009;981.48;1,003.61;968.65;1,002.63;1,002.63;27,446,810,000
Jul 21, 2009;951.97;982.49;943.22;982.18;982.18;24,794,640,000
Jul 14, 2009;900.77;951.62;896.50;951.13;951.13;24,281,030,000
Jul 07, 2009;898.60;901.05;869.32;901.05;901.05;23,153,770,000
Jun 30, 2009;927.15;931.92;886.36;898.72;898.72;17,190,550,000
Jun 23, 2009;893.46;927.99;888.86;927.23;927.23;24,907,400,000
Jun 16, 2009;925.60;928.00;893.04;893.04;893.04;25,776,190,000
Jun 09, 2009;940.35;956.23;919.65;923.72;923.72;24,546,210,000
Jun 02, 2009;942.87;951.69;923.85;939.14;939.14;26,425,340,000
May 26, 2009;887.00;947.77;881.46;942.87;942.87;29,525,690,000
May 19, 2009;909.67;924.60;879.61;887.00;887.00;25,996,490,000
May 12, 2009;910.52;915.57;878.94;909.71;909.71;31,240,310,000
May 05, 2009;906.10;930.17;897.34;909.24;909.24;38,871,880,000
Apr 28, 2009;854.48;907.85;847.12;907.24;907.24;31,643,170,000
Apr 21, 2009;831.25;871.80;826.83;857.51;857.51;34,055,350,000
Apr 14, 2009;856.88;875.63;832.39;832.39;832.39;34,735,580,000
Apr 07, 2009;834.12;864.31;814.53;858.73;858.73;25,129,640,000
Mar 31, 2009;790.88;845.61;783.32;835.48;835.48;31,731,690,000
Mar 24, 2009;820.60;832.98;779.81;787.53;787.53;32,960,990,000
Mar 17, 2009;753.88;823.37;749.93;822.92;822.92;39,648,610,000
Mar 10, 2009;679.28;774.53;679.28;753.89;753.89;37,903,400,000
Mar 03, 2009;704.44;724.12;666.79;676.53;676.53;37,373,250,000
Feb 24, 2009;744.69;780.12;699.70;700.82;700.82;39,112,870,000
Feb 17, 2009;818.61;818.61;742.37;743.33;743.33;32,115,360,000
Feb 10, 2009;866.87;868.05;808.06;826.84;826.84;24,469,740,000
Feb 03, 2009;825.69;875.01;819.91;869.89;869.89;30,989,260,000
Jan 27, 2009;837.30;877.86;812.87;825.44;825.44;27,643,350,000
Jan 20, 2009;849.64;852.53;804.30;836.57;836.57;30,558,990,000
Jan 13, 2009;869.79;877.02;817.04;850.12;850.12;25,568,730,000
Jan 06, 2009;931.17;943.85;864.32;870.26;870.26;24,530,660,000
Dec 30, 2008;870.58;936.63;870.58;927.45;927.45;17,262,920,000
Dec 23, 2008;874.31;880.44;857.07;869.42;869.42;10,802,000,000
Dec 16, 2008;871.53;918.85;857.09;871.63;871.63;29,167,320,000
Dec 09, 2008;906.48;916.26;851.35;868.57;868.57;28,091,060,000
Dec 02, 2008;817.94;918.57;817.94;909.70;909.70;30,971,340,000
Nov 25, 2008;853.40;896.25;815.69;816.21;816.21;21,538,830,000
Nov 18, 2008;852.34;865.90;741.02;851.81;851.81;39,697,150,000
Nov 11, 2008;917.15;917.15;818.69;850.75;850.75;29,420,160,000
Nov 04, 2008;971.31;1,007.51;899.73;919.21;919.21;26,563,800,000
Oct 28, 2008;848.92;984.38;845.27;966.30;966.30;31,237,210,000
Oct 21, 2008;980.40;985.44;846.75;848.92;848.92;30,567,810,000
Oct 14, 2008;1,009.97;1,044.31;865.83;985.40;985.40;34,446,240,000
Oct 07, 2008;1,057.60;1,072.91;839.80;1,003.35;1,003.35;41,324,140,000
Sep 30, 2008;1,113.78;1,168.03;1,007.97;1,056.89;1,056.89;31,677,590,000
Sep 23, 2008;1,207.61;1,221.15;1,106.42;1,106.42;1,106.42;28,572,400,000
Sep 16, 2008;1,188.31;1,265.12;1,133.50;1,207.09;1,207.09;43,729,690,000
Sep 09, 2008;1,267.98;1,268.66;1,192.70;1,192.70;1,192.70;35,346,090,000
Sep 02, 2008;1,287.83;1,303.04;1,217.23;1,267.79;1,267.79;27,421,460,000
Aug 26, 2008;1,267.03;1,300.68;1,263.21;1,282.83;1,282.83;14,229,580,000
Aug 19, 2008;1,276.65;1,293.09;1,261.16;1,266.84;1,266.84;19,909,050,000
Aug 12, 2008;1,304.79;1,304.79;1,274.51;1,278.60;1,278.60;21,434,000,000
Aug 05, 2008;1,254.87;1,313.15;1,254.67;1,305.32;1,305.32;21,446,230,000
Jul 29, 2008;1,236.38;1,284.93;1,236.38;1,249.01;1,249.01;25,638,770,000
Jul 22, 2008;1,257.08;1,291.17;1,234.37;1,234.37;1,234.37;27,969,560,000
Jul 15, 2008;1,226.83;1,267.74;1,200.44;1,260.00;1,260.00;31,751,400,000
Jul 08, 2008;1,251.84;1,277.36;1,225.01;1,228.30;1,228.30;29,232,600,000
Jul 01, 2008;1,276.69;1,292.17;1,240.68;1,252.31;1,252.31;19,635,390,000
Jun 24, 2008;1,317.23;1,335.63;1,272.00;1,280.00;1,280.00;26,002,560,000
Jun 17, 2008;1,360.71;1,366.59;1,314.46;1,318.00;1,318.00;22,698,470,000
Jun 10, 2008;1,358.98;1,366.84;1,331.29;1,360.14;1,360.14;21,936,650,000
Jun 03, 2008;1,386.42;1,404.05;1,350.62;1,361.76;1,361.76;22,262,040,000
May 27, 2008;1,375.97;1,406.32;1,373.07;1,385.67;1,385.67;18,970,490,000
May 20, 2008;1,424.49;1,424.49;1,373.72;1,375.93;1,375.93;15,844,650,000
May 13, 2008;1,404.40;1,440.24;1,396.26;1,426.63;1,426.63;19,361,000,000
May 06, 2008;1,405.60;1,421.57;1,384.11;1,403.58;1,403.58;18,716,760,000
Apr 29, 2008;1,395.61;1,422.72;1,383.07;1,407.49;1,407.49;20,136,110,000
Apr 22, 2008;1,386.43;1,402.90;1,369.84;1,396.37;1,396.37;19,885,320,000
Apr 15, 2008;1,331.72;1,395.90;1,324.35;1,388.17;1,388.17;19,198,430,000
Apr 08, 2008;1,370.16;1,370.16;1,326.16;1,328.32;1,328.32;18,134,130,000
Apr 01, 2008;1,326.41;1,386.74;1,326.41;1,372.54;1,372.54;20,436,540,000
Mar 25, 2008;1,349.07;1,357.47;1,312.81;1,322.70;1,322.70;20,114,690,000
Mar 18, 2008;1,277.16;1,359.68;1,277.16;1,349.88;1,349.88;21,338,400,000
Mar 11, 2008;1,274.40;1,333.26;1,256.98;1,276.60;1,276.60;25,433,510,000
Mar 04, 2008;1,329.58;1,344.19;1,272.66;1,273.37;1,273.37;22,185,000,000
Feb 26, 2008;1,371.76;1,388.34;1,320.04;1,331.34;1,331.34;20,483,640,000
Feb 19, 2008;1,355.86;1,374.36;1,327.04;1,371.80;1,371.80;18,619,740,000
Feb 12, 2008;1,340.55;1,369.23;1,338.13;1,349.99;1,349.99;15,129,120,000
Feb 05, 2008;1,380.28;1,380.28;1,316.75;1,339.13;1,339.13;20,274,650,000
Jan 29, 2008;1,355.94;1,396.02;1,334.08;1,380.82;1,380.82;22,092,560,000
Jan 22, 2008;1,312.94;1,368.56;1,270.05;1,353.96;1,353.96;24,504,850,000
Jan 15, 2008;1,411.88;1,411.88;1,312.51;1,325.19;1,325.19;21,350,230,000
Jan 08, 2008;1,415.71;1,430.28;1,378.70;1,416.25;1,416.25;23,404,840,000
Jan 01, 2008;1,467.97;1,471.77;1,403.45;1,416.18;1,416.18;15,269,410,000
Dec 25, 2007;1,495.12;1,498.85;1,465.13;1,468.36;1,468.36;9,237,660,000
Dec 18, 2007;1,445.92;1,497.63;1,435.65;1,496.45;1,496.45;16,427,890,000
Dec 11, 2007;1,516.68;1,523.57;1,445.43;1,445.90;1,445.90;19,167,550,000
Dec 04, 2007;1,471.34;1,518.27;1,460.66;1,515.96;1,515.96;16,665,320,000
Nov 27, 2007;1,409.59;1,488.94;1,407.43;1,472.42;1,472.42;20,098,920,000
Nov 20, 2007;1,434.51;1,452.64;1,406.10;1,407.22;1,407.22;14,270,570,000
Nov 13, 2007;1,441.35;1,492.14;1,430.42;1,433.27;1,433.27;20,402,310,000
Nov 06, 2007;1,505.33;1,520.77;1,438.53;1,439.18;1,439.18;22,451,610,000
Oct 30, 2007;1,539.42;1,552.76;1,489.95;1,502.17;1,502.17;19,512,380,000
Oct 23, 2007;1,509.30;1,544.67;1,489.56;1,540.98;1,540.98;18,232,980,000
Oct 16, 2007;1,547.81;1,550.66;1,490.40;1,506.33;1,506.33;17,708,640,000
Oct 09, 2007;1,553.18;1,576.09;1,540.81;1,548.71;1,548.71;15,816,040,000
Oct 02, 2007;1,546.96;1,561.91;1,536.34;1,552.58;1,552.58;13,817,340,000
Sep 25, 2007;1,516.34;1,549.02;1,507.13;1,547.04;1,547.04;15,504,680,000
Sep 18, 2007;1,476.63;1,538.74;1,476.63;1,517.73;1,517.73;17,324,160,000
Sep 11, 2007;1,451.69;1,489.58;1,451.69;1,476.65;1,476.65;14,018,260,000
Sep 04, 2007;1,473.96;1,496.40;1,439.29;1,451.70;1,451.70;14,244,590,000
Aug 28, 2007;1,466.72;1,481.47;1,432.01;1,473.99;1,473.99;11,216,730,000
Aug 21, 2007;1,445.55;1,479.40;1,439.76;1,466.79;1,466.79;14,353,240,000
Aug 14, 2007;1,452.87;1,456.74;1,370.60;1,445.55;1,445.55;21,506,240,000
Aug 07, 2007;1,467.62;1,503.89;1,429.74;1,452.92;1,452.92;25,340,610,000
Jul 31, 2007;1,473.90;1,488.30;1,427.39;1,467.67;1,467.67;23,489,460,000
Jul 24, 2007;1,541.57;1,541.57;1,454.32;1,473.91;1,473.91;21,785,010,000
Jul 17, 2007;1,549.52;1,555.32;1,529.20;1,541.57;1,541.57;16,716,290,000
Jul 10, 2007;1,531.85;1,555.90;1,506.10;1,549.52;1,549.52;15,322,030,000
Jul 03, 2007;1,519.12;1,534.26;1,517.72;1,531.85;1,531.85;9,340,590,000
Jun 26, 2007;1,497.68;1,519.45;1,484.18;1,519.43;1,519.43;15,617,790,000
Jun 19, 2007;1,531.02;1,537.32;1,492.68;1,497.74;1,497.74;16,893,170,000
Jun 12, 2007;1,509.12;1,538.71;1,492.65;1,531.05;1,531.05;14,834,030,000
Jun 05, 2007;1,539.12;1,539.12;1,487.41;1,509.12;1,509.12;14,960,850,000
May 29, 2007;1,515.55;1,540.56;1,510.06;1,539.18;1,539.18;14,553,480,000
May 22, 2007;1,525.10;1,532.43;1,505.18;1,515.73;1,515.73;11,626,540,000
May 15, 2007;1,503.11;1,529.87;1,500.43;1,525.10;1,525.10;15,279,420,000
May 08, 2007;1,509.36;1,513.80;1,491.42;1,503.15;1,503.15;14,259,420,000
May 01, 2007;1,482.37;1,511.00;1,476.70;1,509.48;1,509.48;14,905,140,000
Apr 24, 2007;1,480.93;1,498.02;1,473.74;1,482.37;1,482.37;15,410,370,000
Apr 17, 2007;1,468.47;1,487.32;1,464.47;1,480.93;1,480.93;14,710,470,000
Apr 10, 2007;1,444.58;1,468.62;1,433.91;1,468.33;1,468.33;13,791,030,000
Apr 03, 2007;1,424.27;1,448.10;1,424.27;1,444.61;1,444.61;10,244,720,000
Mar 27, 2007;1,437.49;1,437.49;1,408.90;1,424.55;1,424.55;14,308,030,000
Mar 20, 2007;1,402.04;1,438.89;1,400.70;1,437.50;1,437.50;14,484,360,000
Mar 13, 2007;1,406.23;1,406.23;1,363.98;1,402.06;1,402.06;16,236,640,000
Mar 06, 2007;1,374.06;1,410.15;1,374.06;1,406.60;1,406.60;14,801,410,000
Feb 27, 2007;1,449.25;1,449.25;1,373.97;1,374.12;1,374.12;18,658,170,000
Feb 20, 2007;1,455.53;1,461.57;1,445.48;1,449.37;1,449.37;12,297,730,000
Feb 13, 2007;1,433.22;1,457.97;1,433.22;1,455.54;1,455.54;10,241,810,000
Feb 06, 2007;1,446.98;1,452.99;1,431.44;1,433.37;1,433.37;13,391,200,000
Jan 30, 2007;1,420.61;1,449.38;1,420.61;1,446.99;1,446.99;13,606,710,000
Jan 23, 2007;1,422.95;1,440.69;1,416.96;1,420.62;1,420.62;14,109,680,000
Jan 16, 2007;1,430.73;1,435.27;1,420.40;1,422.95;1,422.95;13,429,830,000
Jan 09, 2007;1,412.84;1,431.23;1,405.32;1,430.73;1,430.73;11,347,390,000
Jan 02, 2007;1,418.03;1,429.42;1,403.97;1,412.84;1,412.84;12,116,360,000
Dec 26, 2006;1,410.75;1,427.72;1,410.45;1,418.30;1,418.30;6,164,450,000
Dec 19, 2006;1,422.42;1,429.05;1,410.28;1,410.76;1,410.76;9,074,690,000
Dec 12, 2006;1,413.00;1,431.81;1,404.75;1,422.48;1,422.48;13,817,850,000
Dec 05, 2006;1,409.10;1,418.27;1,403.67;1,413.04;1,413.04;12,954,490,000
Nov 28, 2006;1,381.61;1,411.23;1,377.83;1,409.12;1,409.12;15,004,250,000
Nov 21, 2006;1,400.43;1,407.89;1,381.44;1,381.96;1,381.96;8,379,410,000
Nov 14, 2006;1,384.36;1,404.37;1,379.07;1,400.50;1,400.50;13,967,150,000
Nov 07, 2006;1,379.75;1,388.92;1,375.60;1,384.42;1,384.42;13,139,800,000
Oct 31, 2006;1,377.93;1,381.95;1,360.98;1,379.78;1,379.78;13,223,650,000
Oct 24, 2006;1,377.02;1,389.45;1,372.42;1,377.93;1,377.93;13,852,670,000
Oct 17, 2006;1,369.05;1,377.40;1,356.87;1,377.02;1,377.02;12,805,130,000
Oct 10, 2006;1,350.62;1,370.20;1,343.57;1,369.06;1,369.06;12,200,330,000
Oct 03, 2006;1,331.32;1,353.79;1,327.10;1,350.66;1,350.66;12,977,980,000
Sep 26, 2006;1,326.35;1,340.28;1,325.30;1,331.32;1,331.32;12,248,270,000
Sep 19, 2006;1,321.17;1,329.35;1,310.94;1,326.37;1,326.37;12,434,480,000
Sep 12, 2006;1,299.53;1,324.87;1,299.53;1,321.18;1,321.18;13,263,130,000
Sep 05, 2006;1,310.94;1,314.67;1,290.93;1,299.54;1,299.54;11,409,520,000
Aug 29, 2006;1,301.57;1,312.03;1,295.29;1,311.01;1,311.01;7,929,470,000
Aug 22, 2006;1,297.52;1,305.02;1,289.82;1,301.78;1,301.78;9,235,230,000
Aug 15, 2006;1,268.19;1,302.30;1,268.19;1,297.52;1,297.52;11,140,160,000
Aug 08, 2006;1,275.67;1,283.74;1,261.30;1,268.21;1,268.21;11,537,770,000
Aug 01, 2006;1,278.53;1,292.92;1,265.71;1,275.77;1,275.77;12,443,510,000
Jul 25, 2006;1,260.91;1,280.42;1,257.19;1,276.66;1,276.66;12,950,070,000
Jul 18, 2006;1,234.48;1,262.56;1,224.54;1,260.91;1,260.91;12,546,120,000
Jul 11, 2006;1,267.26;1,273.64;1,228.45;1,234.49;1,234.49;11,720,590,000
Jul 04, 2006;1,280.05;1,280.05;1,263.13;1,267.34;1,267.34;8,016,970,000
Jun 27, 2006;1,250.55;1,280.38;1,237.59;1,280.19;1,280.19;11,073,900,000
Jun 20, 2006;1,240.12;1,257.96;1,238.87;1,250.56;1,250.56;10,638,210,000
Jun 13, 2006;1,236.08;1,258.64;1,219.29;1,240.13;1,240.13;13,959,830,000
Jun 06, 2006;1,265.23;1,272.47;1,235.18;1,237.44;1,237.44;13,346,620,000
May 30, 2006;1,280.04;1,290.68;1,259.38;1,265.29;1,265.29;11,837,520,000
May 23, 2006;1,262.06;1,280.54;1,245.34;1,280.16;1,280.16;9,791,030,000
May 16, 2006;1,294.50;1,297.88;1,252.98;1,262.07;1,262.07;13,509,210,000
May 09, 2006;1,324.66;1,326.60;1,284.51;1,294.50;1,294.50;12,030,990,000
May 02, 2006;1,305.19;1,326.70;1,303.92;1,324.66;1,324.66;11,676,210,000
Apr 25, 2006;1,308.11;1,317.21;1,295.57;1,305.19;1,305.19;12,498,040,000
Apr 18, 2006;1,285.33;1,318.16;1,285.33;1,308.11;1,308.11;12,065,630,000
Apr 11, 2006;1,296.60;1,300.71;1,280.74;1,285.33;1,285.33;7,857,570,000
Apr 04, 2006;1,297.81;1,314.07;1,293.17;1,296.62;1,296.62;10,830,150,000
Mar 28, 2006;1,301.61;1,310.15;1,291.84;1,297.81;1,297.81;11,317,470,000
Mar 21, 2006;1,305.08;1,310.88;1,295.81;1,301.61;1,301.61;10,523,890,000
Mar 14, 2006;1,284.13;1,310.45;1,282.67;1,305.08;1,305.08;11,276,900,000
Mar 07, 2006;1,278.26;1,287.37;1,268.42;1,284.13;1,284.13;11,044,810,000
Feb 28, 2006;1,294.12;1,297.33;1,275.67;1,278.26;1,278.26;11,606,910,000
Feb 21, 2006;1,287.24;1,297.57;1,281.33;1,294.12;1,294.12;10,379,240,000
Feb 14, 2006;1,262.86;1,289.47;1,260.80;1,287.24;1,287.24;9,135,280,000
Feb 07, 2006;1,265.02;1,274.56;1,253.61;1,262.86;1,262.86;11,405,280,000
Jan 31, 2006;1,285.20;1,285.20;1,261.02;1,265.02;1,265.02;12,277,590,000
Jan 24, 2006;1,263.82;1,287.94;1,259.42;1,285.19;1,285.19;12,988,910,000
Jan 17, 2006;1,287.61;1,287.79;1,260.92;1,263.82;1,263.82;11,959,070,000
Jan 10, 2006;1,290.15;1,294.90;1,282.78;1,287.61;1,287.61;9,304,070,000
Jan 03, 2006;1,248.29;1,290.78;1,245.74;1,290.15;1,290.15;12,251,290,000
Dec 27, 2005;1,268.66;1,271.83;1,246.59;1,248.29;1,248.29;5,788,870,000
Dec 20, 2005;1,259.92;1,269.76;1,257.21;1,268.66;1,268.66;7,236,170,000
Dec 13, 2005;1,260.43;1,275.80;1,258.56;1,259.92;1,259.92;11,509,130,000
Dec 06, 2005;1,262.09;1,272.89;1,250.91;1,260.43;1,260.43;10,155,710,000
Nov 29, 2005;1,257.46;1,266.85;1,249.39;1,262.09;1,262.09;11,709,280,000
Nov 22, 2005;1,254.85;1,270.64;1,251.40;1,257.46;1,257.46;7,018,660,000
Nov 15, 2005;1,233.76;1,255.89;1,226.41;1,254.85;1,254.85;11,349,630,000
Nov 08, 2005;1,222.81;1,237.20;1,215.05;1,233.76;1,233.76;10,230,890,000
Nov 01, 2005;1,207.01;1,224.70;1,201.07;1,222.81;1,222.81;11,860,660,000
Oct 25, 2005;1,199.38;1,211.43;1,178.89;1,207.01;1,207.01;12,122,460,000
Oct 18, 2005;1,190.10;1,199.39;1,170.55;1,199.38;1,199.38;12,186,560,000
Oct 11, 2005;1,187.33;1,193.10;1,168.20;1,190.10;1,190.10;11,384,980,000
Oct 04, 2005;1,226.70;1,229.88;1,181.92;1,187.33;1,187.33;12,002,300,000
Sep 27, 2005;1,215.63;1,233.34;1,211.11;1,226.70;1,226.70;10,454,380,000
Sep 20, 2005;1,231.02;1,236.49;1,205.35;1,215.63;1,215.63;11,287,360,000
Sep 13, 2005;1,240.57;1,240.57;1,224.85;1,231.02;1,231.02;11,377,460,000
Sep 06, 2005;1,218.02;1,243.13;1,218.02;1,240.56;1,240.56;9,885,780,000
Aug 30, 2005;1,212.28;1,227.29;1,201.07;1,218.02;1,218.02;8,152,000,000
Aug 23, 2005;1,221.73;1,224.15;1,201.53;1,212.28;1,212.28;8,321,070,000
Aug 16, 2005;1,233.87;1,233.87;1,215.93;1,221.73;1,221.73;8,667,850,000
Aug 09, 2005;1,223.13;1,242.69;1,223.13;1,233.87;1,233.87;9,283,580,000
Aug 02, 2005;1,235.35;1,245.86;1,222.67;1,223.13;1,223.13;9,758,740,000
Jul 26, 2005;1,229.03;1,245.15;1,229.03;1,235.35;1,235.35;9,388,130,000
Jul 19, 2005;1,221.13;1,238.36;1,221.13;1,229.03;1,229.03;9,719,030,000
Jul 12, 2005;1,219.44;1,233.16;1,216.60;1,221.13;1,221.13;9,091,720,000
Jul 05, 2005;1,194.44;1,220.03;1,183.55;1,219.44;1,219.44;9,388,840,000
Jun 28, 2005;1,190.69;1,204.07;1,190.51;1,194.44;1,194.44;7,245,000,000
Jun 21, 2005;1,216.10;1,219.59;1,188.30;1,190.69;1,190.69;9,731,290,000
Jun 14, 2005;1,200.82;1,219.55;1,198.66;1,216.10;1,216.10;9,436,530,000
Jun 07, 2005;1,197.51;1,208.85;1,191.09;1,200.82;1,200.82;8,716,510,000
May 31, 2005;1,198.78;1,205.64;1,191.03;1,197.51;1,197.51;8,639,210,000
May 24, 2005;1,193.86;1,199.56;1,185.96;1,198.78;1,198.78;6,458,720,000
May 17, 2005;1,165.69;1,197.44;1,159.86;1,193.86;1,193.86;9,242,360,000
May 10, 2005;1,178.84;1,178.84;1,146.18;1,165.69;1,165.69;9,765,370,000
May 03, 2005;1,162.16;1,178.87;1,156.71;1,178.84;1,178.84;10,034,820,000
Apr 26, 2005;1,162.10;1,164.80;1,139.19;1,162.16;1,162.16;10,635,930,000
Apr 19, 2005;1,145.98;1,164.05;1,136.15;1,162.10;1,162.10;10,509,220,000
Apr 12, 2005;1,181.21;1,190.17;1,139.80;1,145.98;1,145.98;11,255,240,000
Apr 05, 2005;1,176.12;1,191.88;1,176.12;1,181.21;1,181.21;8,755,460,000
Mar 29, 2005;1,174.28;1,189.80;1,163.69;1,176.12;1,176.12;10,783,050,000
Mar 22, 2005;1,183.78;1,189.59;1,168.70;1,174.28;1,174.28;7,829,280,000
Mar 15, 2005;1,206.83;1,210.54;1,178.82;1,183.78;1,183.78;8,912,460,000
Mar 08, 2005;1,225.31;1,225.69;1,198.15;1,206.83;1,206.83;7,719,330,000
Mar 01, 2005;1,203.60;1,229.11;1,203.60;1,225.31;1,225.31;8,018,490,000
Feb 22, 2005;1,201.59;1,212.15;1,184.16;1,203.60;1,203.60;8,083,940,000
Feb 15, 2005;1,206.14;1,212.44;1,197.35;1,201.59;1,201.59;6,148,500,000
Feb 08, 2005;1,201.72;1,208.38;1,191.54;1,206.14;1,206.14;7,271,360,000
Feb 01, 2005;1,181.27;1,204.15;1,180.95;1,201.72;1,201.72;7,793,610,000
Jan 25, 2005;1,163.75;1,182.07;1,163.75;1,181.27;1,181.27;8,168,500,000
Jan 18, 2005;1,184.52;1,195.98;1,163.75;1,163.75;1,163.75;7,925,600,000
Jan 11, 2005;1,190.25;1,190.25;1,175.64;1,184.52;1,184.52;5,896,600,000
Jan 04, 2005;1,202.08;1,205.84;1,182.16;1,190.25;1,190.25;7,997,300,000
Dec 28, 2004;1,204.92;1,217.80;1,200.32;1,202.08;1,202.08;5,036,400,000
Dec 21, 2004;1,194.65;1,214.13;1,194.65;1,204.92;1,204.92;4,752,600,000
Dec 14, 2004;1,198.68;1,207.97;1,193.36;1,194.65;1,194.65;8,791,900,000
Dec 07, 2004;1,190.25;1,198.74;1,173.79;1,198.68;1,198.68;7,563,600,000
Nov 30, 2004;1,178.57;1,197.46;1,173.78;1,190.25;1,190.25;8,022,300,000
Nov 23, 2004;1,177.24;1,186.94;1,171.41;1,178.57;1,178.57;4,460,980,000
Nov 16, 2004;1,183.81;1,188.46;1,167.89;1,177.24;1,177.24;7,424,600,000
Nov 09, 2004;1,164.89;1,184.48;1,162.48;1,183.81;1,183.81;7,333,000,000
Nov 02, 2004;1,130.51;1,170.87;1,128.12;1,164.89;1,164.89;8,292,300,000
Oct 26, 2004;1,094.81;1,133.41;1,094.81;1,130.51;1,130.51;7,952,200,000
Oct 19, 2004;1,114.02;1,117.96;1,090.29;1,094.80;1,094.80;7,946,300,000
Oct 12, 2004;1,124.39;1,127.01;1,102.06;1,114.02;1,114.02;7,374,200,000
Oct 05, 2004;1,135.17;1,142.05;1,120.19;1,124.39;1,124.39;6,518,000,000
Sep 28, 2004;1,103.52;1,140.13;1,101.29;1,135.17;1,135.17;7,663,700,000
Sep 21, 2004;1,122.20;1,131.54;1,103.24;1,103.52;1,103.52;6,510,100,000
Sep 14, 2004;1,125.82;1,130.14;1,119.82;1,122.20;1,122.20;6,194,600,000
Sep 07, 2004;1,113.63;1,129.78;1,113.62;1,125.82;1,125.82;6,393,000,000
Aug 31, 2004;1,099.15;1,120.80;1,094.72;1,113.63;1,113.63;4,322,870,000
Aug 24, 2004;1,095.68;1,109.68;1,092.82;1,099.15;1,099.15;4,996,800,000
Aug 17, 2004;1,079.34;1,101.40;1,078.93;1,095.68;1,095.68;6,021,500,000
Aug 10, 2004;1,065.22;1,080.66;1,060.72;1,079.34;1,079.34;6,442,400,000
Aug 03, 2004;1,106.62;1,106.62;1,062.23;1,065.22;1,065.22;6,711,900,000
Jul 27, 2004;1,084.07;1,108.60;1,082.17;1,106.62;1,106.62;7,269,400,000
Jul 20, 2004;1,100.90;1,116.27;1,078.78;1,084.07;1,084.07;7,557,000,000
Jul 13, 2004;1,114.35;1,119.60;1,096.55;1,100.90;1,100.90;6,840,600,000
Jul 06, 2004;1,125.38;1,125.38;1,106.71;1,114.35;1,114.35;6,313,900,000
Jun 29, 2004;1,133.35;1,144.20;1,123.06;1,125.38;1,125.38;5,429,500,000
Jun 22, 2004;1,130.30;1,146.34;1,124.37;1,133.35;1,133.35;7,388,900,000
Jun 15, 2004;1,125.29;1,138.96;1,125.29;1,130.30;1,130.30;6,435,500,000
Jun 08, 2004;1,140.42;1,142.18;1,122.16;1,125.29;1,125.29;4,807,100,000
Jun 01, 2004;1,120.68;1,140.54;1,113.32;1,140.42;1,140.42;6,049,200,000
May 25, 2004;1,095.41;1,123.95;1,090.74;1,120.68;1,120.68;5,535,200,000
May 18, 2004;1,084.10;1,105.93;1,084.10;1,095.41;1,095.41;6,598,700,000
May 11, 2004;1,087.12;1,102.77;1,076.32;1,084.10;1,084.10;7,408,500,000
May 04, 2004;1,117.49;1,127.74;1,079.63;1,087.12;1,087.12;8,212,400,000
Apr 27, 2004;1,135.53;1,146.56;1,107.23;1,117.49;1,117.49;8,438,900,000
Apr 20, 2004;1,135.82;1,145.08;1,116.03;1,135.53;1,135.53;7,760,000,000
Apr 13, 2004;1,145.20;1,147.78;1,120.75;1,135.82;1,135.82;7,222,300,000
Apr 06, 2004;1,150.57;1,150.57;1,134.52;1,145.20;1,145.20;5,158,700,000
Mar 30, 2004;1,122.47;1,150.57;1,119.66;1,150.57;1,150.57;7,496,700,000
Mar 23, 2004;1,095.40;1,124.37;1,087.16;1,122.47;1,122.47;7,182,300,000
Mar 16, 2004;1,104.49;1,125.76;1,089.54;1,095.40;1,095.40;7,269,700,000
Mar 09, 2004;1,147.20;1,147.32;1,103.36;1,104.49;1,104.49;8,026,800,000
Mar 02, 2004;1,155.97;1,163.23;1,143.78;1,147.20;1,147.20;6,728,900,000
Feb 24, 2004;1,140.99;1,157.45;1,134.43;1,155.97;1,155.97;7,325,700,000
Feb 17, 2004;1,145.81;1,158.98;1,136.98;1,140.99;1,140.99;7,201,700,000
Feb 10, 2004;1,139.81;1,158.89;1,138.70;1,145.81;1,145.81;5,896,700,000
Feb 03, 2004;1,135.26;1,144.46;1,124.44;1,139.81;1,139.81;7,459,400,000
Jan 27, 2004;1,155.37;1,155.37;1,122.38;1,135.26;1,135.26;8,671,200,000
Jan 20, 2004;1,139.83;1,155.38;1,134.62;1,155.37;1,155.37;8,191,300,000
Jan 13, 2004;1,127.23;1,139.83;1,115.19;1,139.83;1,139.83;6,526,600,000
Jan 06, 2004;1,122.22;1,131.92;1,116.45;1,127.23;1,127.23;8,298,700,000
Dec 30, 2003;1,109.48;1,122.22;1,105.08;1,122.22;1,122.22;4,771,500,000
Dec 23, 2003;1,092.94;1,109.48;1,091.73;1,109.48;1,109.48;3,078,230,000
Dec 16, 2003;1,068.04;1,092.94;1,068.04;1,092.94;1,092.94;7,478,500,000
Dec 09, 2003;1,069.30;1,082.79;1,053.41;1,068.04;1,068.04;7,094,500,000
Dec 02, 2003;1,070.12;1,074.30;1,060.09;1,069.30;1,069.30;6,772,800,000
Nov 25, 2003;1,052.08;1,070.47;1,048.28;1,070.12;1,070.12;4,293,620,000
Nov 18, 2003;1,043.63;1,052.08;1,031.20;1,052.08;1,052.08;6,583,800,000
Nov 11, 2003;1,047.11;1,063.65;1,035.28;1,043.63;1,043.63;6,625,200,000
Nov 04, 2003;1,059.02;1,062.39;1,044.88;1,047.11;1,047.11;6,957,400,000
Oct 28, 2003;1,031.13;1,061.44;1,031.13;1,059.02;1,059.02;7,698,600,000
Oct 21, 2003;1,044.68;1,048.57;1,018.32;1,031.13;1,031.13;7,541,600,000
Oct 14, 2003;1,045.35;1,053.79;1,036.13;1,044.68;1,044.68;6,735,300,000
Oct 07, 2003;1,034.35;1,048.90;1,026.27;1,045.35;1,045.35;6,269,300,000
Sep 30, 2003;1,006.58;1,039.31;990.36;1,034.35;1,034.35;7,022,400,000
Sep 23, 2003;1,022.82;1,030.12;995.31;1,006.58;1,006.58;7,226,700,000
Sep 16, 2003;1,014.81;1,040.29;1,014.81;1,022.82;1,022.82;7,037,610,000
Sep 09, 2003;1,031.64;1,031.64;1,007.71;1,014.81;1,014.81;6,720,800,000
Sep 02, 2003;1,008.01;1,032.41;1,005.73;1,031.64;1,031.64;7,364,500,000
Aug 26, 2003;993.71;1,008.85;983.57;1,008.01;1,008.01;4,340,400,000
Aug 19, 2003;999.74;1,011.01;987.91;993.71;993.71;6,199,100,000
Aug 12, 2003;980.59;1,000.35;979.90;999.74;999.74;5,291,870,000
Aug 05, 2003;982.82;985.46;960.84;980.59;980.59;6,340,800,000
Jul 29, 2003;996.52;1,004.59;966.79;982.82;982.82;7,218,100,000
Jul 22, 2003;978.80;1,000.68;976.08;996.52;996.52;7,087,500,000
Jul 15, 2003;1,003.86;1,009.61;975.63;978.80;978.80;7,461,400,000
Jul 08, 2003;1,004.42;1,015.41;983.63;1,003.86;1,003.86;7,311,000,000
Jul 01, 2003;974.50;1,005.56;962.10;1,004.42;1,004.42;5,184,500,000
Jun 24, 2003;981.64;991.64;973.60;974.50;974.50;7,089,900,000
Jun 17, 2003;1,010.74;1,015.33;977.40;981.64;981.64;7,594,800,000
Jun 10, 2003;975.93;1,010.86;975.93;1,010.74;1,010.74;6,966,000,000
Jun 03, 2003;967.00;1,007.69;964.47;975.93;975.93;7,906,200,000
May 27, 2003;933.22;979.11;927.33;967.00;967.00;8,128,100,000
May 20, 2003;920.77;935.30;912.05;933.22;933.22;5,612,600,000
May 13, 2003;945.11;948.65;920.23;920.77;920.77;7,209,800,000
May 06, 2003;926.55;946.84;919.72;945.11;945.11;7,266,000,000
Apr 29, 2003;914.84;933.88;902.83;926.55;926.55;7,712,210,000
Apr 22, 2003;892.01;919.74;886.70;914.84;914.84;7,555,300,000
Apr 15, 2003;885.23;898.01;877.93;892.01;892.01;5,597,100,000
Apr 08, 2003;879.93;887.35;862.76;885.23;885.23;6,077,000,000
Apr 01, 2003;848.18;904.89;847.85;879.93;879.93;7,126,100,000
Mar 25, 2003;864.23;879.87;843.68;848.18;848.18;6,608,500,000
Mar 18, 2003;862.79;895.90;857.36;864.23;864.23;7,644,310,000
Mar 11, 2003;807.48;862.79;788.90;862.79;862.79;8,106,320,000
Mar 04, 2003;834.81;835.43;806.57;807.48;807.48;6,512,000,000
Feb 25, 2003;832.58;852.34;818.54;834.81;834.81;6,728,100,000
Feb 18, 2003;834.89;852.87;831.48;832.58;832.58;6,147,900,000
Feb 11, 2003;835.97;843.02;806.29;834.89;834.89;5,461,400,000
Feb 04, 2003;860.32;861.63;823.53;835.97;835.97;6,848,300,000
Jan 28, 2003;847.48;868.72;840.34;860.32;860.32;7,401,830,000
Jan 21, 2003;901.78;906.00;844.25;847.48;847.48;7,651,250,000
Jan 14, 2003;926.26;932.59;899.02;901.78;901.78;5,704,300,000
Jan 07, 2003;929.01;935.05;908.32;926.26;926.26;7,454,800,000
Dec 31, 2002;879.39;931.77;869.45;929.01;929.01;4,884,400,000
Dec 24, 2002;897.38;903.89;870.23;879.39;879.39;2,995,610,000
Dec 17, 2002;910.40;911.22;880.32;897.38;897.38;6,978,730,000
Dec 10, 2002;892.00;910.42;888.48;910.40;910.40;6,429,400,000
Dec 03, 2002;934.53;934.53;891.97;892.00;892.00;6,889,400,000
Nov 26, 2002;932.87;954.28;912.10;934.53;934.53;5,149,360,000
Nov 19, 2002;900.36;937.28;893.09;932.87;932.87;8,470,600,000
Nov 12, 2002;876.19;915.91;872.05;900.36;900.36;7,042,200,000
Nov 05, 2002;908.35;925.66;874.63;876.19;876.19;7,054,500,000
Oct 29, 2002;890.23;924.58;867.91;908.35;908.35;7,689,600,000
Oct 22, 2002;899.72;907.44;873.82;890.23;890.23;7,566,670,000
Oct 15, 2002;841.44;900.69;841.44;899.72;899.72;8,191,490,000
Oct 08, 2002;785.28;844.39;768.63;841.44;841.44;8,968,120,000
Oct 01, 2002;815.28;851.93;782.96;785.28;785.28;8,536,730,000
Sep 24, 2002;833.70;856.60;800.20;815.28;815.28;8,200,910,000
Sep 17, 2002;891.10;902.68;825.76;833.70;833.70;7,647,500,000
Sep 10, 2002;902.96;924.02;877.05;891.10;891.10;5,497,000,000
Sep 03, 2002;916.07;916.07;870.50;902.96;902.96;6,378,300,000
Aug 27, 2002;947.95;955.82;903.33;916.07;916.07;4,655,300,000
Aug 20, 2002;950.70;965.00;930.42;947.95;947.95;6,123,000,000
Aug 13, 2002;903.80;951.17;876.20;950.70;950.70;6,901,700,000
Aug 06, 2002;834.60;913.95;834.60;903.80;903.80;6,982,600,000
Jul 30, 2002;898.96;911.64;833.44;834.60;834.60;8,511,250,000
Jul 23, 2002;819.85;898.96;775.68;898.96;898.96;11,216,030,000
Jul 16, 2002;917.93;926.52;813.26;819.85;819.85;11,048,660,000
Jul 09, 2002;976.98;979.63;876.46;917.93;917.93;9,428,480,000
Jul 02, 2002;968.65;993.56;934.87;976.98;976.98;5,234,600,000
Jun 25, 2002;992.72;1,005.88;952.92;968.65;968.65;8,979,090,000
Jun 18, 2002;1,036.17;1,040.83;970.85;992.72;992.72;6,968,700,000
Jun 11, 2002;1,030.74;1,039.04;981.63;1,036.17;1,036.17;7,199,220,000
Jun 04, 2002;1,040.68;1,050.11;1,012.49;1,030.74;1,030.74;6,935,700,000
May 28, 2002;1,083.82;1,085.98;1,039.90;1,040.68;1,040.68;5,966,500,000
May 21, 2002;1,091.88;1,099.55;1,075.64;1,083.82;1,083.82;4,415,100,000
May 14, 2002;1,074.56;1,106.59;1,074.56;1,091.88;1,091.88;6,355,500,000
May 07, 2002;1,052.67;1,088.92;1,048.96;1,074.56;1,074.56;6,270,200,000
Apr 30, 2002;1,065.45;1,091.42;1,052.65;1,052.67;1,052.67;6,851,100,000
Apr 23, 2002;1,107.83;1,111.17;1,063.62;1,065.45;1,065.45;6,968,000,000
Apr 16, 2002;1,102.55;1,133.00;1,102.55;1,107.83;1,107.83;6,444,300,000
Apr 09, 2002;1,125.29;1,131.76;1,099.41;1,102.55;1,102.55;6,591,400,000
Apr 02, 2002;1,146.54;1,146.54;1,111.79;1,125.29;1,125.29;5,885,700,000
Mar 26, 2002;1,131.87;1,154.45;1,131.61;1,146.54;1,146.54;4,602,200,000
Mar 19, 2002;1,165.55;1,173.94;1,131.87;1,131.87;1,131.87;6,200,300,000
Mar 12, 2002;1,168.26;1,172.73;1,151.01;1,165.55;1,165.55;6,530,600,000
Mar 05, 2002;1,153.84;1,173.03;1,144.78;1,168.26;1,168.26;7,230,200,000
Feb 26, 2002;1,109.43;1,153.84;1,101.72;1,153.84;1,153.84;7,146,000,000
Feb 19, 2002;1,104.18;1,112.71;1,074.36;1,109.43;1,109.43;6,788,800,000
Feb 12, 2002;1,111.94;1,124.72;1,102.98;1,104.18;1,104.18;4,941,800,000
Feb 05, 2002;1,094.44;1,112.01;1,077.78;1,111.94;1,111.94;7,417,000,000
Jan 29, 2002;1,133.06;1,137.47;1,081.66;1,094.44;1,094.44;8,193,400,000
Jan 22, 2002;1,127.58;1,139.50;1,117.43;1,133.06;1,133.06;6,875,500,000
Jan 15, 2002;1,138.41;1,148.81;1,124.45;1,127.58;1,127.58;5,582,800,000
Jan 08, 2002;1,164.89;1,174.26;1,138.15;1,138.41;1,138.41;6,508,100,000
Jan 01, 2002;1,148.08;1,176.97;1,136.23;1,164.89;1,164.89;5,391,200,000